Кол-во операций добавления;Кол-во операций удаления мин; Кол-во операций удаления
1;54;1404
5;105;1416
4;97;1727
8;122;1416
4;153;1646
7;166;1436
6;190;1771
13;213;1448
4;232;1690
7;258;1593
6;273;1917
7;316;1474
9;327;1613
9;328;1495
8;354;1516
11;372;1649
10;401;1530
6;419;1773
6;431;1547
10;445;1548
6;569;1572
9;577;1825
8;559;1824
14;485;1584
6;567;2094
9;516;1605
8;627;1613
8;549;1617
11;563;2007
8;581;1628
10;594;1659
9;608;1669
11;632;1808
9;646;1683
13;673;2083
9;693;1682
11;705;2103
19;719;1851
8;791;1714
8;753;1728
12;762;2007
9;772;1733
8;847;2027
8;804;1906
11;873;1765
11;887;1770
10;1122;1937
12;1040;1784
11;948;1810
14;843;1825
8;1022;1989
11;982;1844
8;1145;2008
8;986;2015
10;878;2313
15;893;1859
8;966;1882
11;923;1885
10;1055;1906
12;1063;1915
10;1187;1926
13;953;1928
12;1153;1948
10;971;2280
15;1177;2131
9;991;2289
14;1013;2133
9;1023;1972
11;1044;1982
9;1051;1976
16;1073;1995
15;1090;2009
14;1101;2187
7;1117;2021
8;1276;2021
8;1139;2025
10;1150;2559
8;1161;2221
10;1181;2393
9;1281;2037
11;1286;2059
9;1609;2751
13;1445;2064
12;1202;2066
11;1308;2272
11;1227;2086
10;1244;2102
9;1251;2303
14;1363;2115
8;1271;2492
10;1291;2314
14;1303;2120
10;1311;2327
13;1317;2141
12;1337;2526
16;1340;2347
12;1362;2151
8;1365;2158
14;1681;2890
8;1390;2164
11;;2182
11;;2183
10;;2202
9;;2211
11;;2426
9;;2223
13;;2435
12;;2232
10;;2241
13;;2246
12;;2250
10;;2256
18;;2269
8;;2275
10;;2716
14;;2286
10;;2301
13;;2302
12;;2754
17;;2323
10;;2328
9;;2568
12;;2570
13;;3013
12;;3116
10;;2339
14;;2790
14;;2345
13;;2353
10;;2596
18;;3042
9;;2362
11;;2372
9;;2381
17;;2625
9;;2631
15;;2632
9;;2402
8;;2653
8;;2413
10;;2671
8;;2431
10;;2691
15;;2454
11;;2700
9;;2462
8;;2472
8;;2477
10;;2740
11;;2490
10;;2507
12;;2510
11;;3030
11;;2533
10;;2542
12;;2541
10;;2814
13;;2556
12;;3345
13;;3088
15;;3086
9;;2837
8;;2838
11;;2578
8;;2594
8;;2605
10;;3134
12;;3474
11;;2867
11;;2609
10;;2615
14;;2891
10;;2627
9;;2906
12;;2907
10;;2642
18;;2653
11;;3210
10;;2663
14;;2948
10;;2672
9;;2685
12;;2689
10;;3261
15;;3258
9;;2703
12;;2717
16;;2722
12;;3590
15;;2729
14;;3029
23;;2751
13;;3042
9;;2761
8;;2768
8;;2769
11;;2783
8;;3091
10;;2796
9;;2800
14;;3110
11;;2823
10;;2826
12;;2836
10;;3750
9;;2841
12;;2848
10;;2853
18;;3164
11;;2870
10;;2874
12;;2883
10;;3518
9;;2892
12;;2907
10;;2918
16;;3238
9;;2926
12;;2937
10;;2947
12;;2952
15;;2961
14;;3611
11;;3298
13;;3294
16;;2982
18;;3966
9;;2983
13;;3321
9;;3331
12;;3665
13;;3009
13;;3337
13;;3018
12;;3031
10;;3039
15;;3385
10;;3053
14;;4084
14;;3059
13;;3750
10;;3068
15;;3087
10;;3088
12;;4128
15;;3106
14;;3109
11;;3107
13;;3121
18;;3120
14;;3136
14;;3150
14;;3154
17;;3159
16;;3161
12;;3879
20;;3161
10;;3160
19;;3536
16;;3170
6;;3183
7;;3183
8;;3201
11;;3206
9;;4265
9;;3199
8;;3581
8;;3201
10;;3219
8;;3230
10;;3603
9;;3222
17;;3613
7;;3242
8;;4312
12;;3238
8;;3244
11;;3242
10;;3259
12;;3254
11;;3271
8;;3264
10;;4054
14;;3273
10;;3290
9;;3692
12;;3294
10;;3302
12;;3302
10;;3290
20;;4402
11;;3295
8;;3712
8;;3317
10;;4414
15;;3320
8;;3723
8;;3314
10;;3739
12;;3325
10;;3346
13;;3360
12;;3360
10;;3353
12;;3784
10;;3364
14;;3381
10;;3373
17;;3396
9;;3388
12;;3827
13;;3830
13;;3829
13;;3398
12;;3423
10;;3848
12;;3847
15;;3414
14;;4282
14;;3857
22;;3433
7;;3422
8;;4303
8;;3447
11;;3448
8;;3439
10;;3464
9;;3452
11;;3480
9;;3468
13;;3930
9;;3493
13;;4638
13;;3476
12;;4642
10;;3935
15;;4638
15;;3494
10;;3498
14;;3494
10;;3964
9;;3524
12;;3522
13;;3530
12;;3983
13;;3523
12;;4699
16;;3541
12;;4453
15;;3531
14;;3550
20;;3560
11;;4016
11;;4020
10;;3559
12;;4488
10;;3566
9;;3569
12;;4497
17;;3559
10;;4756
9;;4508
12;;3574
10;;3583
12;;4054
10;;3573
14;;3591
11;;3585
13;;4550
16;;4790
15;;4543
13;;4786
12;;4541
15;;4065
14;;3590
11;;3587
16;;4085
10;;4087
14;;4088
11;;3604
17;;3622
11;;3615
16;;4827
12;;3629
14;;3631
20;;4124
19;;4610
12;;3640
16;;3642
8;;4139
10;;3648
9;;4146
14;;4144
11;;3643
10;;4151
14;;3655
10;;3668
9;;3667
12;;3685
13;;3679
15;;3694
8;;3691
10;;4933
9;;3709
13;;4933
13;;3694
12;;4222
10;;3706
12;;4231
10;;4752
14;;3726
13;;3735
12;;3736
15;;3730
14;;4260
14;;3737
16;;4992
9;;3735
15;;3757
14;;3750
10;;3769
9;;3760
12;;3782
13;;3773
12;;3796
13;;5050
12;;3801
16;;3795
12;;3817
15;;3823
14;;4359
11;;3812
13;;3835
11;;3824
18;;3846
10;;4391
12;;3851
15;;3842
14;;3863
14;;3852
13;;3880
15;;3885
14;;4980
11;;3867
17;;3889
11;;3881
16;;3905
21;;5022
14;;4462
9;;4469
13;;5023
14;;3897
10;;3923
13;;3908
12;;5054
10;;3915
15;;3942
13;;5238
12;;3941
10;;5242
12;;4505
15;;3924
14;;5245
14;;3927
13;;3953
16;;3945
12;;3971
13;;3956
12;;5124
10;;3960
14;;3992
17;;3969
12;;5150
15;;3976
14;;4589
14;;3988
14;;4021
11;;4003
16;;4036
12;;4018
20;;4638
10;;4055
15;;4057
10;;4655
12;;4061
15;;4658
14;;4065
14;;4048
13;;4080
10;;4090
14;;4089
11;;4070
13;;4102
11;;4081
16;;5317
15;;4719
17;;4719
10;;5455
14;;5446
14;;4076
14;;5324
17;;4090
16;;5459
12;;4723
14;;5329
20;;4120
16;;4723
12;;5338
14;;4725
19;;4123
18;;4121
13;;4110
15;;4139
24;;4122
23;;4153
11;;4132
17;;4782
9;;4144
8;;4177
11;;4156
10;;5554
7;;5554
8;;4807
12;;4190
8;;4817
8;;4171
10;;5571
9;;5459
11;;5452
9;;4202
13;;4204
17;;4208
8;;4839
11;;4188
10;;5592
9;;4191
11;;5597
14;;4196
10;;5608
9;;5504
11;;5602
13;;4194
12;;5604
10;;4198
21;;5609
7;;4208
8;;4886
11;;4888
8;;4250
8;;4227
10;;5645
9;;5550
14;;4254
8;;4234
10;;4272
12;;5573
10;;5569
13;;4247
12;;4283
10;;4291
17;;4292
8;;4300
10;;4298
12;;5703
10;;4300
13;;4278
12;;4312
10;;4322
12;;4322
10;;4995
15;;4329
10;;4336
12;;5749
10;;4337
14;;5011
11;;5681
19;;4336
19;;4343
8;;4343
11;;4327
8;;4360
11;;5716
10;;4360
9;;4368
11;;4370
14;;5062
10;;4371
12;;4358
10;;4384
9;;5829
12;;4385
10;;5833
12;;5762
18;;4367
10;;5836
14;;4393
10;;5778
13;;5092
12;;5775
10;;4376
16;;5104
9;;4392
12;;4414
16;;4420
12;;4423
10;;4410
14;;4436
14;;5844
13;;4437
10;;4444
18;;5159
12;;5161
10;;5860
9;;4430
12;;4453
10;;4442
16;;4466
13;;4454
12;;4480
16;;5208
12;;4487
10;;4491
14;;5928
11;;4474
13;;4503
16;;5235
15;;5231
13;;4510
12;;5990
10;;4509
14;;5240
11;;4497
16;;6002
15;;5248
14;;5245
18;;4517
14;;6005
17;;4502
16;;4529
12;;4521
14;;4546
17;;4532
19;;6028
10;;4540
22;;4569
11;;4554
10;;4579
9;;4563
14;;6076
8;;4571
10;;6103
14;;5347
10;;6105
9;;4602
12;;4603
13;;4589
15;;4616
8;;4601
10;;5386
12;;6134
10;;5384
9;;4609
12;;5395
16;;5398
10;;4637
9;;4625
12;;5413
13;;4636
12;;6180
10;;4637
14;;5433
14;;6199
13;;4663
10;;4666
18;;5436
12;;4671
10;;6195
9;;5436
12;;4666
10;;4650
12;;6204
16;;5446
12;;4670
10;;5446
12;;5443
10;;4649
14;;4675
17;;4653
13;;4677
13;;5460
12;;4678
16;;4661
12;;5470
15;;4683
14;;6220
14;;4681
15;;4678
10;;4662
14;;5476
14;;4666
14;;5480
11;;4691
16;;4690
15;;4679
14;;4700
17;;4690
19;;4715
12;;4718
10;;4713
13;;4698
12;;4722
16;;5536
10;;5530
13;;4721
12;;4719
16;;4723
12;;4720
15;;5540
14;;4721
11;;5545
13;;4721
19;;4724
12;;4720
10;;6280
15;;5536
10;;4717
14;;4716
14;;4718
13;;6273
10;;4714
14;;4713
18;;4716
14;;6272
11;;4699
16;;4714
15;;5555
14;;5552
19;;4702
12;;4720
10;;4723
12;;5560
10;;6279
14;;6264
14;;6268
15;;5541
10;;6262
14;;4696
18;;6264
14;;5552
11;;4701
16;;4716
18;;4714
14;;5571
10;;6292
14;;4722
11;;4715
13;;5582
17;;5584
16;;6289
12;;4717
14;;4729
12;;4729
19;;4744
15;;4746
16;;5604
19;;5602
18;;4740
13;;6311
18;;5596
12;;4735
17;;4738
12;;6315
14;;6300
12;;4725
22;;5608
24;;4734
17;;5615
11;;4746
10;;4744
9;;4750
13;;5619
13;;4745
12;;4746
10;;5624
15;;4744
9;;4743
14;;4749
9;;4746
11;;4753
9;;4758
12;;5648
13;;5649
13;;5644
13;;4752
12;;4762
10;;6345
15;;6333
15;;5644
14;;4747
20;;5653
11;;5647
11;;4754
10;;6343
14;;4753
10;;4759
13;;4756
12;;4767
13;;4776
12;;4770
9;;4770
12;;4784
13;;5694
12;;4779
10;;4779
14;;5697
14;;4792
13;;4785
10;;4786
15;;4794
16;;4798
12;;4792
15;;4792
14;;4804
11;;4800
16;;5737
10;;4807
14;;5732
11;;4810
17;;5733
17;;4806
16;;6401
24;;4797
14;;4805
8;;6408
10;;6397
9;;5731
13;;4796
9;;4799
12;;4806
13;;6408
13;;5745
13;;4806
12;;5750
16;;4811
12;;4812
10;;4817
14;;5766
17;;5770
13;;4818
9;;4819
12;;5773
16;;6429
12;;4815
15;;5772
14;;5765
17;;4816
12;;5763
10;;4814
14;;6423
11;;4814
17;;4829
17;;5783
16;;4828
15;;5787
14;;4831
20;;5791
12;;4831
16;;4828
12;;6444
15;;4834
14;;4840
11;;4840
18;;4847
10;;6464
14;;4842
11;;4841
13;;4846
17;;4851
16;;4857
12;;4854
17;;4860
17;;4858
14;;6481
11;;5847
17;;4859
17;;4855
16;;5852
18;;4863
14;;5856
17;;5863
16;;4872
12;;4876
14;;6494
12;;4866
18;;4874
16;;6496
15;;4872
23;;4871
10;;4884
14;;4890
10;;4890
9;;4884
12;;4893
10;;4890
12;;5905
16;;6526
12;;4891
13;;4897
12;;4890
15;;4890
14;;5911
11;;4892
13;;4901
11;;4900
15;;4911
19;;4913
12;;4910
15;;4910
14;;6549
17;;4918
12;;4919
15;;4912
14;;4925
11;;5962
13;;4931
11;;4925
16;;4938
21;;4931
14;;6583
9;;4942
12;;6577
16;;4931
12;;5979
10;;5981
14;;4937
14;;4935
13;;4945
15;;4936
14;;6587
11;;4940
13;;6007
11;;4954
16;;6015
12;;4956
14;;6022
21;;4962
14;;6028
14;;4964
14;;6032
17;;4985
16;;6619
18;;4963
14;;6033
17;;4981
16;;4981
12;;4982
19;;4981
19;;4972
18;;6633
13;;4972
15;;6052
21;;6055
20;;4990
13;;6638
12;;6627
15;;4984
14;;6048
11;;6048
18;;6046
15;;4965
14;;4987
14;;6642
14;;6061
11;;4979
16;;6641
15;;4983
17;;4999
15;;5000
14;;4998
14;;4989
14;;5006
17;;6666
16;;5001
12;;4994
14;;5007
20;;6667
16;;6663
12;;6089
19;;6650
12;;6084
18;;4992
16;;4986
21;;5006
15;;4996
14;;6670
14;;6671
14;;5003
11;;4993
16;;5010
12;;5004
14;;
12;;
16;;
12;;
14;;
12;;
18;;
13;;
15;;
18;;
17;;
20;;
16;;
12;;
18;;
16;;
19;;
19;;
18;;
13;;
21;;
21;;
20;;
14;;
25;;
31;;
6;;
7;;
9;;
9;;
8;;
8;;
13;;
9;;
8;;
8;;
10;;
11;;
10;;
9;;
14;;
8;;
13;;
8;;
10;;
8;;
10;;
12;;
11;;
11;;
10;;
9;;
13;;
13;;
12;;
13;;
12;;
9;;
14;;
15;;
8;;
11;;
10;;
9;;
11;;
14;;
10;;
9;;
13;;
9;;
12;;
10;;
17;;
11;;
10;;
12;;
10;;
13;;
12;;
13;;
13;;
13;;
12;;
13;;
12;;
15;;
14;;
11;;
13;;
11;;
18;;
19;;
11;;
11;;
10;;
15;;
8;;
8;;
10;;
9;;
11;;
13;;
12;;
10;;
15;;
14;;
10;;
9;;
13;;
13;;
12;;
10;;
12;;
15;;
12;;
10;;
12;;
10;;
14;;
11;;
13;;
11;;
15;;
20;;
10;;
9;;
12;;
10;;
12;;
15;;
12;;
16;;
12;;
10;;
14;;
11;;
19;;
9;;
12;;
13;;
12;;
10;;
14;;
14;;
13;;
10;;
14;;
14;;
14;;
11;;
16;;
15;;
14;;
17;;
16;;
20;;
16;;
8;;
10;;
9;;
11;;
9;;
13;;
12;;
10;;
13;;
12;;
16;;
12;;
11;;
10;;
14;;
10;;
13;;
12;;
10;;
12;;
10;;
15;;
10;;
12;;
10;;
14;;
20;;
11;;
11;;
10;;
14;;
10;;
13;;
12;;
16;;
10;;
13;;
12;;
13;;
12;;
10;;
14;;
11;;
19;;
13;;
12;;
16;;
12;;
15;;
14;;
11;;
18;;
15;;
14;;
18;;
14;;
11;;
16;;
12;;
14;;
20;;
19;;
14;;
10;;
13;;
12;;
10;;
16;;
13;;
12;;
16;;
12;;
10;;
14;;
14;;
16;;
13;;
12;;
10;;
15;;
15;;
14;;
11;;
18;;
10;;
14;;
18;;
14;;
17;;
16;;
12;;
14;;
20;;
15;;
13;;
12;;
10;;
14;;
19;;
12;;
10;;
14;;
11;;
17;;
17;;
16;;
12;;
17;;
17;;
14;;
14;;
14;;
11;;
16;;
21;;
14;;
17;;
16;;
12;;
14;;
12;;
18;;
16;;
15;;
12;;
17;;
12;;
14;;
20;;
19;;
11;;
13;;
26;;
10;;
12;;
10;;
9;;
12;;
10;;
12;;
18;;
10;;
12;;
10;;
9;;
12;;
10;;
12;;
15;;
12;;
10;;
12;;
10;;
14;;
11;;
19;;
9;;
13;;
14;;
10;;
13;;
12;;
10;;
16;;
9;;
12;;
10;;
12;;
15;;
14;;
17;;
13;;
13;;
12;;
16;;
12;;
10;;
14;;
11;;
13;;
18;;
14;;
18;;
14;;
11;;
16;;
15;;
14;;
11;;
19;;
14;;
10;;
13;;
12;;
13;;
12;;
13;;
12;;
10;;
12;;
15;;
14;;
14;;
13;;
10;;
15;;
13;;
12;;
15;;
14;;
17;;
12;;
15;;
14;;
11;;
17;;
17;;
16;;
12;;
14;;
12;;
22;;
13;;
12;;
15;;
14;;
11;;
18;;
15;;
14;;
11;;
17;;
11;;
16;;
15;;
17;;
10;;
14;;
11;;
13;;
11;;
16;;
12;;
20;;
11;;
16;;
15;;
16;;
12;;
18;;
25;;
14;;
11;;
10;;
9;;
13;;
13;;
12;;
10;;
12;;
10;;
15;;
10;;
15;;
10;;
14;;
11;;
16;;
10;;
15;;
13;;
12;;
15;;
14;;
14;;
15;;
15;;
14;;
14;;
14;;
11;;
16;;
18;;
17;;
9;;
12;;
16;;
12;;
10;;
14;;
19;;
12;;
15;;
14;;
11;;
13;;
11;;
16;;
12;;
21;;
10;;
14;;
11;;
17;;
11;;
16;;
12;;
20;;
17;;
16;;
12;;
14;;
19;;
18;;
13;;
24;;
10;;
17;;
10;;
15;;
15;;
14;;
11;;
13;;
16;;
14;;
11;;
17;;
17;;
16;;
12;;
14;;
17;;
17;;
11;;
13;;
17;;
16;;
18;;
14;;
11;;
16;;
20;;
16;;
12;;
18;;
19;;
18;;
15;;
14;;
11;;
17;;
11;;
16;;
15;;
17;;
11;;
16;;
20;;
16;;
12;;
18;;
19;;
15;;
11;;
16;;
20;;
16;;
12;;
18;;
13;;
15;;
22;;
18;;
16;;
18;;
21;;
20;;
14;;
16;;
19;;
18;;
13;;
24;;
11;;
19;;
12;;
11;;
11;;
10;;
9;;
11;;
13;;
12;;
18;;
8;;
8;;
10;;
14;;
10;;
13;;
12;;
16;;
10;;
13;;
12;;
16;;
12;;
15;;
14;;
14;;
13;;
16;;
13;;
9;;
11;;
9;;
12;;
17;;
10;;
13;;
12;;
10;;
12;;
15;;
14;;
11;;
13;;
11;;
18;;
13;;
12;;
15;;
14;;
11;;
18;;
15;;
14;;
11;;
13;;
11;;
16;;
12;;
14;;
17;;
16;;
11;;
22;;
9;;
12;;
13;;
12;;
13;;
12;;
10;;
15;;
10;;
14;;
11;;
16;;
10;;
15;;
13;;
12;;
10;;
14;;
14;;
13;;
10;;
14;;
18;;
14;;
11;;
16;;
12;;
14;;
12;;
16;;
12;;
14;;
19;;
17;;
14;;
13;;
10;;
14;;
18;;
14;;
11;;
16;;
12;;
17;;
11;;
17;;
11;;
13;;
11;;
16;;
15;;
14;;
11;;
16;;
12;;
14;;
12;;
18;;
13;;
18;;
21;;
17;;
10;;
16;;
9;;
12;;
17;;
10;;
9;;
12;;
13;;
12;;
10;;
14;;
11;;
13;;
19;;
12;;
13;;
12;;
15;;
14;;
19;;
12;;
15;;
14;;
11;;
13;;
11;;
16;;
23;;
10;;
13;;
12;;
16;;
12;;
10;;
14;;
17;;
12;;
15;;
14;;
14;;
14;;
17;;
16;;
18;;
15;;
10;;
14;;
18;;
14;;
17;;
16;;
12;;
14;;
20;;
16;;
15;;
16;;
19;;
18;;
13;;
15;;
18;;
20;;
11;;
20;;
15;;
14;;
14;;
15;;
15;;
14;;
18;;
14;;
17;;
16;;
15;;
18;;
15;;
14;;
11;;
17;;
17;;
16;;
12;;
14;;
20;;
16;;
12;;
14;;
12;;
18;;
13;;
18;;
21;;
14;;
14;;
14;;
11;;
16;;
12;;
20;;
11;;
16;;
20;;
16;;
19;;
18;;
16;;
15;;
18;;
16;;
12;;
14;;
12;;
18;;
16;;
19;;
12;;
18;;
22;;
18;;
13;;
20;;
26;;
19;;
9;;
13;;
9;;
11;;
13;;
12;;
10;;
12;;
16;;
12;;
16;;
12;;
15;;
14;;
14;;
16;;
13;;
12;;
10;;
15;;
10;;
14;;
11;;
16;;
10;;
14;;
11;;
13;;
11;;
16;;
15;;
19;;
9;;
12;;
16;;
12;;
10;;
14;;
14;;
13;;
10;;
14;;
14;;
14;;
11;;
16;;
12;;
14;;
21;;
14;;
18;;
14;;
11;;
16;;
15;;
17;;
11;;
16;;
12;;
19;;
12;;
18;;
22;;
15;;
10;;
15;;
16;;
12;;
10;;
14;;
14;;
15;;
15;;
14;;
11;;
17;;
17;;
16;;
22;;
12;;
15;;
14;;
11;;
17;;
11;;
16;;
12;;
14;;
20;;
16;;
20;;
16;;
19;;
18;;
13;;
15;;
18;;
20;;
11;;
13;;
17;;
16;;
15;;
17;;
11;;
16;;
15;;
16;;
12;;
18;;
16;;
20;;
11;;
16;;
15;;
16;;
12;;
18;;
13;;
22;;
19;;
18;;
16;;
18;;
21;;
20;;
17;;
16;;
19;;
18;;
12;;
24;;
10;;
14;;
11;;
13;;
11;;
15;;
14;;
14;;
17;;
16;;
18;;
15;;
15;;
14;;
14;;
14;;
11;;
16;;
12;;
14;;
17;;
16;;
12;;
14;;
12;;
18;;
16;;
15;;
12;;
20;;
18;;
14;;
17;;
16;;
12;;
14;;
12;;
19;;
20;;
16;;
12;;
18;;
13;;
18;;
12;;
19;;
20;;
16;;
19;;
18;;
19;;
16;;
12;;
18;;
16;;
18;;
21;;
20;;
17;;
16;;
13;;
18;;
13;;
15;;
13;;
22;;
12;;
17;;
17;;
16;;
12;;
19;;
12;;
18;;
22;;
14;;
11;;
16;;
12;;
14;;
12;;
18;;
19;;
16;;
12;;
18;;
13;;
15;;
13;;
20;;
14;;
16;;
14;;
21;;
23;;
16;;
12;;
18;;
13;;
15;;
13;;
17;;
22;;
18;;
21;;
20;;
14;;
25;;
19;;
18;;
13;;
21;;
13;;
20;;
17;;
16;;
21;;
20;;
17;;
20;;
14;;
22;;
15;;
17;;
15;;
19;;
15;;
25;;
13;;
21;;
16;;
25;;
10;;
24;;
9;;
24;;
11;;
10;;
9;;
11;;
14;;
11;;
8;;
11;;
8;;
10;;
12;;
11;;
8;;
10;;
9;;
13;;
9;;
12;;
13;;
15;;
8;;
11;;
11;;
8;;
11;;
10;;
9;;
11;;
14;;
10;;
9;;
13;;
13;;
12;;
16;;
11;;
11;;
10;;
9;;
11;;
9;;
12;;
13;;
12;;
9;;
12;;
13;;
12;;
10;;
14;;
23;;
9;;
9;;
8;;
12;;
8;;
11;;
10;;
12;;
11;;
8;;
10;;
9;;
13;;
13;;
12;;
18;;
8;;
11;;
10;;
14;;
10;;
13;;
12;;
10;;
16;;
13;;
12;;
16;;
12;;
15;;
14;;
11;;
19;;
14;;
10;;
9;;
13;;
13;;
12;;
13;;
13;;
13;;
12;;
10;;
12;;
15;;
14;;
14;;
13;;
16;;
12;;
16;;
12;;
15;;
14;;
19;;
12;;
10;;
14;;
11;;
13;;
11;;
16;;
12;;
14;;
17;;
19;;
20;;
11;;
8;;
10;;
9;;
11;;
9;;
13;;
12;;
10;;
9;;
12;;
18;;
8;;
11;;
10;;
12;;
10;;
9;;
12;;
17;;
10;;
13;;
12;;
13;;
12;;
15;;
14;;
23;;
8;;
8;;
10;;
9;;
11;;
9;;
12;;
10;;
12;;
16;;
12;;
13;;
12;;
10;;
14;;
14;;
13;;
16;;
12;;
13;;
12;;
10;;
14;;
17;;
12;;
10;;
14;;
11;;
17;;
17;;
16;;
15;;
14;;
17;;
19;;
9;;
11;;
13;;
12;;
13;;
12;;
9;;
12;;
10;;
12;;
10;;
14;;
14;;
16;;
13;;
12;;
16;;
12;;
10;;
14;;
19;;
12;;
15;;
14;;
14;;
14;;
11;;
16;;
12;;
14;;
12;;
16;;
15;;
19;;
10;;
14;;
11;;
16;;
15;;
14;;
11;;
13;;
11;;
16;;
12;;
14;;
12;;
19;;
14;;
14;;
17;;
16;;
21;;
14;;
17;;
16;;
12;;
19;;
12;;
18;;
19;;
21;;
7;;
8;;
12;;
8;;
11;;
10;;
9;;
11;;
14;;
10;;
14;;
10;;
9;;
12;;
10;;
12;;
15;;
13;;
9;;
13;;
13;;
12;;
10;;
15;;
9;;
12;;
10;;
12;;
15;;
14;;
11;;
13;;
11;;
19;;
14;;
10;;
9;;
12;;
10;;
15;;
13;;
12;;
16;;
12;;
10;;
14;;
14;;
13;;
16;;
12;;
16;;
12;;
10;;
14;;
14;;
15;;
10;;
14;;
11;;
13;;
11;;
16;;
18;;
17;;
9;;
16;;
12;;
10;;
9;;
12;;
16;;
10;;
13;;
12;;
10;;
12;;
15;;
14;;
14;;
16;;
13;;
12;;
10;;
12;;
10;;
14;;
11;;
16;;
10;;
14;;
18;;
14;;
17;;
16;;
18;;
16;;
9;;
12;;
10;;
15;;
10;;
14;;
11;;
13;;
16;;
14;;
11;;
13;;
11;;
16;;
15;;
17;;
15;;
14;;
18;;
14;;
11;;
16;;
12;;
14;;
12;;
19;;
20;;
16;;
19;;
18;;
13;;
15;;
21;;
17;;
20;;
10;;
9;;
12;;
10;;
12;;
16;;
12;;
13;;
12;;
10;;
14;;
11;;
13;;
16;;
15;;
10;;
15;;
15;;
14;;
11;;
18;;
10;;
14;;
11;;
17;;
11;;
16;;
12;;
17;;
19;;
12;;
10;;
15;;
10;;
14;;
14;;
13;;
15;;
14;;
11;;
17;;
17;;
16;;
12;;
20;;
10;;
14;;
18;;
14;;
17;;
16;;
15;;
17;;
17;;
16;;
12;;
19;;
12;;
18;;
25;;
15;;
9;;
12;;
10;;
15;;
10;;
14;;
11;;
18;;
10;;
14;;
11;;
13;;
17;;
16;;
12;;
14;;
12;;
16;;
21;;
14;;
17;;
16;;
12;;
14;;
17;;
16;;
12;;
19;;
12;;
18;;
19;;
15;;
11;;
17;;
11;;
17;;
17;;
16;;
12;;
17;;
11;;
16;;
12;;
19;;
12;;
18;;
16;;
20;;
11;;
16;;
20;;
16;;
19;;
18;;
19;;
16;;
19;;
18;;
13;;
15;;
21;;
20;;
23;;
16;;
22;;
18;;
12;;
11;;
11;;
10;;
12;;
11;;
8;;
10;;
14;;
10;;
13;;
12;;
10;;
12;;
10;;
14;;
10;;
17;;
13;;
12;;
17;;
10;;
9;;
12;;
10;;
12;;
15;;
14;;
14;;
13;;
16;;
15;;
12;;
10;;
9;;
12;;
13;;
12;;
9;;
12;;
10;;
15;;
10;;
14;;
11;;
16;;
10;;
15;;
10;;
12;;
10;;
14;;
17;;
12;;
10;;
14;;
11;;
13;;
11;;
16;;
12;;
23;;
17;;
10;;
9;;
11;;
13;;
12;;
17;;
10;;
13;;
12;;
10;;
15;;
10;;
14;;
17;;
13;;
9;;
12;;
16;;
12;;
15;;
14;;
19;;
12;;
15;;
14;;
18;;
14;;
17;;
16;;
18;;
14;;
16;;
12;;
13;;
12;;
15;;
14;;
11;;
13;;
18;;
14;;
11;;
13;;
11;;
16;;
21;;
12;;
15;;
14;;
11;;
17;;
17;;
16;;
12;;
17;;
17;;
16;;
12;;
14;;
12;;
18;;
19;;
15;;
18;;
17;;
10;;
12;;
10;;
19;;
13;;
13;;
9;;
12;;
10;;
15;;
10;;
14;;
11;;
13;;
11;;
18;;
10;;
15;;
10;;
14;;
11;;
18;;
15;;
14;;
18;;
14;;
11;;
16;;
24;;
10;;
9;;
12;;
16;;
12;;
10;;
14;;
11;;
13;;
16;;
14;;
18;;
14;;
11;;
16;;
12;;
14;;
21;;
14;;
14;;
14;;
17;;
16;;
12;;
17;;
11;;
16;;
12;;
19;;
19;;
18;;
13;;
15;;
18;;
17;;
12;;
20;;
11;;
17;;
11;;
16;;
15;;
14;;
18;;
14;;
17;;
16;;
15;;
14;;
11;;
17;;
11;;
13;;
11;;
16;;
12;;
17;;
11;;
16;;
12;;
19;;
19;;
18;;
13;;
24;;
15;;
14;;
14;;
14;;
17;;
16;;
18;;
14;;
11;;
16;;
15;;
16;;
12;;
18;;
16;;
20;;
11;;
16;;
12;;
14;;
19;;
18;;
13;;
15;;
22;;
18;;
22;;
18;;
13;;
20;;
14;;
19;;
13;;
21;;
22;;
21;;
13;;
12;;
10;;
16;;
13;;
12;;
16;;
12;;
15;;
14;;
20;;
10;;
9;;
12;;
13;;
12;;
15;;
14;;
11;;
13;;
18;;
14;;
11;;
17;;
17;;
16;;
12;;
20;;
16;;
12;;
10;;
15;;
10;;
14;;
11;;
13;;
11;;
15;;
11;;
17;;
17;;
16;;
12;;
20;;
10;;
14;;
11;;
17;;
17;;
16;;
12;;
14;;
12;;
19;;
20;;
16;;
12;;
18;;
13;;
18;;
24;;
12;;
13;;
12;;
10;;
14;;
19;;
12;;
15;;
14;;
14;;
14;;
11;;
16;;
12;;
20;;
10;;
14;;
11;;
17;;
11;;
16;;
12;;
14;;
17;;
16;;
12;;
19;;
19;;
18;;
13;;
18;;
12;;
20;;
11;;
13;;
11;;
16;;
15;;
14;;
11;;
16;;
15;;
16;;
12;;
18;;
13;;
18;;
20;;
16;;
15;;
16;;
19;;
18;;
16;;
19;;
19;;
18;;
16;;
18;;
21;;
20;;
14;;
16;;
14;;
21;;
13;;
21;;
21;;
17;;
11;;
16;;
10;;
14;;
11;;
13;;
17;;
16;;
15;;
17;;
10;;
14;;
14;;
14;;
17;;
16;;
21;;
14;;
17;;
16;;
15;;
16;;
19;;
18;;
16;;
21;;
15;;
14;;
11;;
17;;
11;;
16;;
15;;
17;;
17;;
16;;
15;;
16;;
12;;
18;;
16;;
18;;
17;;
16;;
20;;
16;;
12;;
18;;
13;;
15;;
13;;
21;;
16;;
18;;
13;;
20;;
14;;
16;;
27;;
14;;
11;;
13;;
17;;
16;;
15;;
14;;
11;;
16;;
12;;
19;;
19;;
18;;
13;;
15;;
13;;
20;;
12;;
14;;
12;;
18;;
13;;
22;;
12;;
18;;
13;;
21;;
21;;
20;;
17;;
16;;
22;;
16;;
20;;
16;;
12;;
18;;
13;;
15;;
22;;
18;;
16;;
18;;
13;;
20;;
14;;
16;;
14;;
18;;
14;;
16;;
14;;
23;;
25;;
18;;
13;;
20;;
14;;
16;;
23;;
22;;
18;;
17;;
14;;
19;;
14;;
16;;
14;;
21;;
32;;
14;;
11;;
10;;
9;;
13;;
9;;
12;;
19;;
8;;
8;;
10;;
12;;
10;;
13;;
12;;
10;;
12;;
15;;
12;;
16;;
12;;
15;;
14;;
20;;
11;;
8;;
10;;
9;;
11;;
13;;
12;;
13;;
13;;
9;;
12;;
16;;
12;;
10;;
14;;
20;;
10;;
13;;
12;;
16;;
12;;
15;;
14;;
11;;
13;;
11;;
15;;
11;;
13;;
17;;
16;;
15;;
17;;
20;;
10;;
9;;
11;;
9;;
12;;
10;;
12;;
10;;
15;;
10;;
15;;
15;;
14;;
11;;
13;;
11;;
15;;
11;;
13;;
11;;
17;;
14;;
15;;
10;;
14;;
11;;
17;;
11;;
16;;
21;;
13;;
13;;
12;;
10;;
15;;
10;;
14;;
11;;
13;;
11;;
17;;
14;;
14;;
17;;
16;;
12;;
17;;
17;;
14;;
18;;
14;;
17;;
16;;
12;;
14;;
12;;
16;;
12;;
14;;
12;;
18;;
16;;
15;;
12;;
17;;
12;;
23;;
16;;
12;;
10;;
12;;
16;;
12;;
16;;
12;;
10;;
14;;
17;;
13;;
13;;
12;;
10;;
12;;
10;;
14;;
11;;
13;;
11;;
17;;
11;;
17;;
17;;
16;;
15;;
14;;
19;;
12;;
10;;
12;;
15;;
14;;
14;;
13;;
15;;
14;;
11;;
17;;
11;;
16;;
15;;
17;;
15;;
14;;
11;;
17;;
17;;
16;;
18;;
14;;
11;;
16;;
15;;
16;;
19;;
18;;
13;;
15;;
18;;
17;;
21;;
15;;
10;;
14;;
14;;
15;;
15;;
14;;
14;;
14;;
17;;
16;;
12;;
17;;
18;;
14;;
11;;
17;;
11;;
16;;
12;;
14;;
17;;
16;;
15;;
16;;
19;;
18;;
22;;
15;;
15;;
14;;
11;;
17;;
17;;
16;;
15;;
17;;
11;;
16;;
20;;
16;;
12;;
18;;
13;;
15;;
13;;
22;;
15;;
16;;
19;;
18;;
13;;
22;;
12;;
18;;
22;;
18;;
21;;
20;;
17;;
19;;
12;;
22;;
14;;
10;;
9;;
12;;
10;;
12;;
10;;
15;;
13;;
12;;
15;;
14;;
11;;
13;;
11;;
15;;
11;;
13;;
11;;
17;;
11;;
16;;
15;;
14;;
18;;
14;;
11;;
16;;
24;;
10;;
9;;
12;;
13;;
12;;
10;;
14;;
11;;
16;;
15;;
14;;
11;;
17;;
17;;
16;;
15;;
17;;
10;;
14;;
14;;
14;;
17;;
16;;
12;;
14;;
12;;
16;;
20;;
16;;
19;;
18;;
13;;
15;;
27;;
12;;
16;;
12;;
10;;
14;;
14;;
15;;
15;;
14;;
11;;
17;;
11;;
16;;
12;;
14;;
17;;
17;;
14;;
14;;
11;;
16;;
15;;
14;;
11;;
16;;
20;;
16;;
19;;
18;;
13;;
18;;
12;;
17;;
21;;
14;;
11;;
16;;
18;;
14;;
11;;
16;;
20;;
16;;
12;;
18;;
19;;
17;;
17;;
16;;
12;;
19;;
19;;
18;;
13;;
18;;
12;;
18;;
13;;
21;;
13;;
20;;
20;;
16;;
22;;
12;;
16;;
12;;
15;;
14;;
14;;
13;;
10;;
14;;
11;;
17;;
17;;
16;;
22;;
12;;
10;;
14;;
18;;
14;;
11;;
16;;
12;;
14;;
12;;
16;;
15;;
16;;
19;;
18;;
19;;
15;;
11;;
17;;
14;;
14;;
11;;
16;;
12;;
14;;
20;;
16;;
12;;
14;;
19;;
18;;
16;;
18;;
11;;
16;;
15;;
16;;
19;;
18;;
16;;
15;;
12;;
18;;
16;;
18;;
13;;
20;;
17;;
19;;
19;;
17;;
14;;
14;;
11;;
16;;
12;;
17;;
17;;
16;;
15;;
16;;
12;;
18;;
19;;
15;;
11;;
16;;
20;;
16;;
12;;
18;;
23;;
16;;
19;;
18;;
16;;
18;;
13;;
20;;
17;;
19;;
12;;
18;;
12;;
14;;
19;;
18;;
13;;
22;;
19;;
18;;
22;;
18;;
21;;
20;;
14;;
25;;
12;;
18;;
13;;
21;;
21;;
20;;
17;;
21;;
13;;
20;;
14;;
16;;
14;;
22;;
15;;
17;;
20;;
28;;
11;;
22;;
16;;
12;;
10;;
12;;
10;;
14;;
16;;
12;;
15;;
14;;
11;;
19;;
13;;
12;;
16;;
12;;
10;;
14;;
11;;
13;;
18;;
14;;
11;;
13;;
17;;
16;;
15;;
17;;
10;;
15;;
16;;
12;;
10;;
14;;
19;;
12;;
10;;
14;;
11;;
13;;
17;;
16;;
15;;
17;;
10;;
14;;
11;;
17;;
17;;
16;;
12;;
14;;
12;;
16;;
12;;
19;;
12;;
18;;
13;;
15;;
18;;
17;;
12;;
14;;
21;;
14;;
14;;
13;;
10;;
14;;
11;;
17;;
17;;
16;;
18;;
15;;
15;;
14;;
11;;
17;;
17;;
16;;
18;;
14;;
11;;
16;;
20;;
16;;
19;;
18;;
16;;
15;;
12;;
20;;
11;;
13;;
11;;
16;;
15;;
17;;
11;;
16;;
12;;
14;;
19;;
18;;
13;;
23;;
17;;
16;;
12;;
19;;
19;;
18;;
23;;
16;;
19;;
18;;
16;;
18;;
21;;
20;;
20;;
16;;
12;;
18;;
12;;
14;;
24;;
14;;
11;;
18;;
10;;
14;;
11;;
13;;
17;;
16;;
22;;
12;;
10;;
14;;
11;;
13;;
11;;
16;;
12;;
14;;
12;;
16;;
15;;
16;;
19;;
18;;
13;;
21;;
11;;
17;;
11;;
17;;
11;;
16;;
12;;
20;;
17;;
16;;
12;;
19;;
19;;
18;;
13;;
18;;
18;;
16;;
15;;
16;;
12;;
18;;
16;;
19;;
19;;
18;;
13;;
15;;
13;;
20;;
17;;
19;;
12;;
18;;
12;;
14;;
20;;
16;;
12;;
20;;
17;;
16;;
12;;
19;;
12;;
18;;
16;;
20;;
17;;
16;;
12;;
14;;
12;;
18;;
23;;
16;;
19;;
18;;
22;;
18;;
21;;
20;;
14;;
16;;
26;;
16;;
15;;
16;;
19;;
18;;
13;;
18;;
12;;
18;;
13;;
15;;
13;;
20;;
17;;
19;;
12;;
18;;
13;;
15;;
21;;
20;;
17;;
16;;
21;;
20;;
17;;
20;;
14;;
22;;
33;;
13;;
9;;
12;;
10;;
15;;
15;;
14;;
19;;
12;;
15;;
14;;
18;;
14;;
11;;
16;;
12;;
17;;
11;;
16;;
11;;
13;;
11;;
16;;
15;;
14;;
17;;
16;;
20;;
16;;
19;;
18;;
13;;
15;;
13;;
20;;
12;;
14;;
20;;
16;;
12;;
14;;
12;;
16;;
12;;
14;;
19;;
18;;
24;;
14;;
17;;
16;;
15;;
16;;
19;;
18;;
13;;
15;;
13;;
21;;
13;;
21;;
21;;
20;;
17;;
19;;
12;;
18;;
22;;
14;;
17;;
16;;
15;;
17;;
17;;
16;;
15;;
16;;
19;;
18;;
19;;
15;;
17;;
16;;
15;;
16;;
19;;
18;;
16;;
19;;
19;;
18;;
22;;
18;;
21;;
20;;
14;;
16;;
19;;
18;;
13;;
15;;
13;;
21;;
16;;
15;;
12;;
18;;
13;;
21;;
13;;
20;;
17;;
19;;
19;;
18;;
16;;
18;;
13;;
20;;
14;;
16;;
14;;
18;;
24;;
20;;
14;;
22;;
24;;
17;;
12;;
22;;
11;;
17;;
11;;
16;;
12;;
20;;
11;;
16;;
12;;
14;;
19;;
18;;
13;;
18;;
12;;
19;;
15;;
16;;
12;;
18;;
13;;
15;;
22;;
18;;
22;;
18;;
21;;
20;;
17;;
22;;
17;;
16;;
12;;
14;;
12;;
18;;
19;;
16;;
19;;
18;;
16;;
18;;
21;;
20;;
17;;
16;;
13;;
18;;
16;;
18;;
21;;
20;;
20;;
18;;
13;;
20;;
14;;
23;;
23;;
22;;
30;;
14;;
17;;
16;;
15;;
16;;
12;;
18;;
13;;
18;;
12;;
18;;
22;;
18;;
21;;
20;;
17;;
16;;
22;;
18;;
13;;
15;;
21;;
20;;
14;;
19;;
21;;
20;;
14;;
16;;
23;;
22;;
15;;
23;;
13;;
19;;
13;;
21;;
21;;
20;;
25;;
18;;
13;;
20;;
14;;
23;;
23;;
22;;
15;;
20;;
20;;
20;;
17;;
20;;
14;;
22;;
15;;
26;;
14;;
22;;
18;;
22;;
25;;
24;;
28;;
18;;
12;;
23;;
11;;
13;;
26;;
22;;
9;;
11;;
14;;
22;;
8;;
11;;
11;;
10;;
15;;
11;;
9;;
8;;
8;;
11;;
11;;
10;;
12;;
11;;
8;;
10;;
9;;
13;;
9;;
12;;
13;;
12;;
15;;
11;;
12;;
8;;
11;;
10;;
9;;
14;;
11;;
10;;
12;;
10;;
9;;
12;;
13;;
12;;
15;;
10;;
14;;
10;;
13;;
12;;
17;;
10;;
13;;
12;;
16;;
12;;
10;;
14;;
14;;
19;;
16;;
8;;
8;;
11;;
11;;
10;;
15;;
8;;
8;;
10;;
14;;
10;;
13;;
12;;
18;;
8;;
8;;
10;;
9;;
13;;
13;;
12;;
10;;
12;;
16;;
12;;
10;;
15;;
10;;
14;;
17;;
13;;
14;;
10;;
14;;
10;;
9;;
12;;
10;;
12;;
10;;
14;;
13;;
12;;
10;;
14;;
20;;
10;;
9;;
12;;
10;;
12;;
10;;
14;;
11;;
18;;
15;;
14;;
11;;
17;;
11;;
16;;
18;;
14;;
10;;
16;;
10;;
17;;
8;;
10;;
9;;
11;;
9;;
13;;
9;;
11;;
13;;
12;;
16;;
11;;
8;;
10;;
9;;
13;;
13;;
12;;
17;;
10;;
9;;
12;;
10;;
12;;
10;;
14;;
11;;
16;;
10;;
18;;
9;;
13;;
13;;
12;;
10;;
12;;
10;;
14;;
10;;
12;;
10;;
14;;
14;;
13;;
16;;
12;;
16;;
12;;
15;;
14;;
14;;
13;;
10;;
14;;
11;;
13;;
17;;
16;;
21;;
14;;
11;;
10;;
9;;
13;;
9;;
12;;
10;;
12;;
16;;
12;;
10;;
12;;
15;;
14;;
20;;
10;;
9;;
12;;
10;;
12;;
10;;
14;;
11;;
13;;
11;;
15;;
11;;
17;;
11;;
16;;
12;;
23;;
13;;
12;;
16;;
12;;
10;;
14;;
11;;
13;;
11;;
15;;
11;;
13;;
17;;
16;;
12;;
17;;
18;;
14;;
11;;
17;;
17;;
16;;
12;;
20;;
11;;
16;;
15;;
16;;
19;;
18;;
25;;
15;;
18;;
11;;
8;;
10;;
11;;
10;;
9;;
11;;
14;;
10;;
9;;
13;;
13;;
12;;
10;;
12;;
10;;
16;;
9;;
13;;
13;;
12;;
10;;
12;;
10;;
14;;
13;;
12;;
10;;
14;;
11;;
13;;
16;;
18;;
9;;
13;;
13;;
12;;
10;;
12;;
10;;
14;;
13;;
12;;
15;;
14;;
20;;
10;;
13;;
12;;
13;;
12;;
15;;
14;;
14;;
13;;
10;;
14;;
14;;
14;;
11;;
16;;
12;;
14;;
12;;
16;;
12;;
25;;
13;;
12;;
17;;
10;;
13;;
12;;
16;;
12;;
15;;
14;;
17;;
13;;
13;;
12;;
13;;
12;;
15;;
14;;
17;;
12;;
15;;
14;;
14;;
14;;
11;;
16;;
12;;
20;;
10;;
16;;
10;;
12;;
15;;
14;;
14;;
15;;
10;;
14;;
14;;
14;;
17;;
16;;
12;;
14;;
20;;
14;;
11;;
13;;
17;;
16;;
21;;
14;;
17;;
16;;
12;;
14;;
19;;
18;;
13;;
15;;
18;;
17;;
12;;
20;;
11;;
22;;
10;;
16;;
9;;
12;;
16;;
12;;
15;;
14;;
11;;
13;;
11;;
15;;
14;;
15;;
10;;
14;;
17;;
12;;
10;;
14;;
18;;
14;;
17;;
16;;
23;;
10;;
13;;
12;;
10;;
15;;
15;;
14;;
11;;
13;;
11;;
17;;
11;;
17;;
11;;
16;;
15;;
14;;
18;;
14;;
11;;
17;;
11;;
16;;
12;;
14;;
12;;
19;;
15;;
16;;
19;;
18;;
22;;
16;;
13;;
12;;
16;;
12;;
10;;
14;;
19;;
12;;
10;;
14;;
11;;
17;;
11;;
16;;
12;;
21;;
10;;
14;;
11;;
13;;
17;;
16;;
12;;
17;;
17;;
16;;
12;;
19;;
12;;
18;;
13;;
18;;
12;;
17;;
12;;
20;;
11;;
16;;
12;;
17;;
17;;
16;;
12;;
14;;
19;;
18;;
24;;
14;;
11;;
16;;
20;;
16;;
19;;
18;;
13;;
18;;
12;;
18;;
16;;
18;;
13;;
20;;
17;;
19;;
19;;
21;;
13;;
14;;
11;;
10;;
9;;
11;;
9;;
13;;
12;;
10;;
9;;
12;;
10;;
15;;
9;;
14;;
9;;
11;;
9;;
12;;
17;;
10;;
9;;
12;;
13;;
12;;
15;;
14;;
11;;
13;;
11;;
18;;
10;;
18;;
13;;
12;;
13;;
12;;
9;;
12;;
10;;
12;;
10;;
14;;
11;;
19;;
9;;
12;;
10;;
15;;
10;;
14;;
17;;
12;;
10;;
14;;
11;;
17;;
11;;
16;;
12;;
14;;
12;;
19;;
11;;
13;;
19;;
18;;
16;;
10;;
13;;
12;;
10;;
12;;
15;;
14;;
11;;
13;;
11;;
18;;
16;;
12;;
10;;
14;;
19;;
12;;
10;;
14;;
11;;
13;;
17;;
16;;
12;;
14;;
17;;
19;;
13;;
12;;
15;;
14;;
11;;
16;;
15;;
14;;
18;;
14;;
11;;
16;;
12;;
14;;
12;;
20;;
11;;
17;;
11;;
16;;
15;;
17;;
17;;
16;;
12;;
14;;
12;;
18;;
13;;
21;;
11;;
17;;
14;;
17;;
10;;
19;;
10;;
12;;
15;;
12;;
10;;
15;;
15;;
14;;
11;;
19;;
13;;
12;;
10;;
15;;
10;;
14;;
11;;
16;;
15;;
14;;
18;;
14;;
11;;
16;;
12;;
14;;
23;;
12;;
10;;
15;;
10;;
14;;
11;;
16;;
10;;
14;;
18;;
14;;
11;;
16;;
12;;
14;;
20;;
14;;
11;;
13;;
17;;
16;;
12;;
14;;
17;;
16;;
15;;
16;;
12;;
18;;
13;;
15;;
13;;
26;;
10;;
12;;
15;;
14;;
17;;
12;;
15;;
14;;
14;;
14;;
17;;
16;;
12;;
20;;
15;;
14;;
11;;
13;;
11;;
16;;
12;;
14;;
12;;
16;;
12;;
19;;
19;;
18;;
16;;
15;;
21;;
14;;
14;;
14;;
11;;
16;;
12;;
17;;
11;;
16;;
20;;
16;;
19;;
18;;
13;;
23;;
17;;
16;;
12;;
14;;
19;;
18;;
13;;
15;;
13;;
17;;
13;;
21;;
13;;
20;;
14;;
16;;
22;;
21;;
14;;
21;;
9;;
12;;
10;;
16;;
9;;
12;;
10;;
12;;
15;;
14;;
11;;
16;;
10;;
15;;
13;;
12;;
15;;
14;;
11;;
13;;
18;;
14;;
11;;
17;;
11;;
16;;
12;;
14;;
12;;
16;;
12;;
14;;
21;;
14;;
11;;
18;;
15;;
14;;
14;;
14;;
11;;
16;;
18;;
15;;
15;;
14;;
11;;
17;;
11;;
16;;
15;;
17;;
17;;
16;;
12;;
14;;
12;;
18;;
19;;
19;;
9;;
12;;
16;;
12;;
10;;
14;;
17;;
12;;
15;;
14;;
14;;
14;;
11;;
16;;
12;;
14;;
12;;
20;;
11;;
13;;
11;;
16;;
12;;
20;;
17;;
16;;
20;;
16;;
12;;
18;;
16;;
15;;
12;;
20;;
11;;
17;;
17;;
16;;
12;;
14;;
12;;
16;;
20;;
16;;
19;;
18;;
19;;
15;;
11;;
16;;
20;;
16;;
12;;
18;;
23;;
16;;
12;;
18;;
13;;
15;;
21;;
20;;
17;;
28;;
9;;
12;;
13;;
12;;
10;;
14;;
14;;
15;;
15;;
14;;
18;;
14;;
17;;
16;;
22;;
12;;
10;;
14;;
14;;
14;;
17;;
16;;
12;;
14;;
20;;
16;;
12;;
14;;
19;;
18;;
13;;
15;;
13;;
20;;
15;;
17;;
17;;
16;;
12;;
17;;
11;;
16;;
12;;
14;;
19;;
18;;
16;;
20;;
11;;
16;;
15;;
16;;
12;;
18;;
13;;
22;;
12;;
18;;
13;;
21;;
21;;
20;;
23;;
19;;
10;;
14;;
11;;
17;;
11;;
16;;
21;;
14;;
11;;
16;;
12;;
14;;
19;;
18;;
13;;
21;;
11;;
16;;
15;;
16;;
19;;
18;;
13;;
18;;
19;;
18;;
13;;
21;;
13;;
20;;
17;;
16;;
22;;
16;;
12;;
14;;
12;;
18;;
23;;
16;;
19;;
18;;
22;;
18;;
21;;
20;;
17;;
16;;
13;;
21;;
16;;
18;;
13;;
20;;
14;;
16;;
19;;
20;;
24;;
20;;
23;;
22;;
15;;
17;;
26;;
25;;
10;;
17;;
11;;
10;;
15;;
8;;
8;;
10;;
9;;
13;;
13;;
12;;
18;;
8;;
11;;
10;;
9;;
13;;
9;;
12;;
13;;
13;;
9;;
12;;
10;;
15;;
10;;
14;;
23;;
8;;
8;;
10;;
9;;
13;;
9;;
12;;
10;;
15;;
9;;
12;;
10;;
12;;
15;;
14;;
14;;
13;;
16;;
12;;
10;;
15;;
10;;
14;;
11;;
18;;
15;;
14;;
11;;
13;;
11;;
16;;
24;;
11;;
8;;
10;;
9;;
13;;
13;;
12;;
10;;
12;;
10;;
15;;
10;;
12;;
15;;
14;;
14;;
16;;
9;;
12;;
13;;
12;;
15;;
14;;
17;;
12;;
10;;
14;;
11;;
13;;
17;;
16;;
12;;
14;;
12;;
16;;
15;;
18;;
10;;
14;;
11;;
18;;
15;;
14;;
11;;
13;;
11;;
16;;
12;;
17;;
17;;
14;;
18;;
14;;
17;;
16;;
15;;
14;;
17;;
16;;
20;;
16;;
19;;
18;;
19;;
18;;
21;;
10;;
9;;
11;;
9;;
12;;
16;;
10;;
13;;
12;;
10;;
12;;
15;;
14;;
11;;
16;;
16;;
12;;
10;;
15;;
10;;
14;;
14;;
13;;
10;;
14;;
11;;
13;;
17;;
16;;
12;;
14;;
12;;
21;;
13;;
12;;
10;;
14;;
14;;
15;;
10;;
14;;
14;;
14;;
11;;
16;;
12;;
21;;
15;;
14;;
11;;
17;;
17;;
16;;
12;;
17;;
11;;
16;;
12;;
19;;
12;;
18;;
16;;
18;;
18;;
17;;
10;;
15;;
15;;
14;;
19;;
12;;
10;;
14;;
14;;
14;;
11;;
16;;
12;;
17;;
11;;
16;;
14;;
14;;
11;;
16;;
12;;
20;;
11;;
16;;
12;;
19;;
19;;
18;;
22;;
15;;
10;;
14;;
14;;
14;;
11;;
16;;
15;;
14;;
11;;
16;;
12;;
19;;
12;;
18;;
19;;
17;;
17;;
16;;
12;;
19;;
19;;
18;;
16;;
15;;
12;;
18;;
13;;
15;;
13;;
20;;
17;;
16;;
19;;
21;;
11;;
13;;
11;;
23;;
10;;
15;;
13;;
12;;
16;;
12;;
15;;
14;;
11;;
16;;
16;;
12;;
10;;
12;;
10;;
14;;
11;;
16;;
10;;
14;;
11;;
17;;
17;;
16;;
24;;
10;;
13;;
12;;
10;;
12;;
10;;
14;;
11;;
13;;
16;;
14;;
11;;
17;;
17;;
16;;
18;;
15;;
10;;
14;;
11;;
13;;
11;;
16;;
12;;
20;;
17;;
16;;
15;;
16;;
19;;
18;;
16;;
18;;
11;;
20;;
10;;
12;;
15;;
14;;
17;;
12;;
10;;
14;;
11;;
17;;
17;;
16;;
12;;
14;;
20;;
14;;
11;;
17;;
17;;
16;;
12;;
14;;
17;;
16;;
12;;
19;;
12;;
18;;
16;;
21;;
10;;
14;;
14;;
14;;
11;;
16;;
12;;
14;;
20;;
16;;
20;;
16;;
12;;
18;;
16;;
20;;
11;;
16;;
12;;
14;;
12;;
18;;
23;;
16;;
12;;
18;;
13;;
21;;
21;;
20;;
20;;
16;;
12;;
21;;
11;;
13;;
18;;
14;;
11;;
13;;
18;;
14;;
11;;
17;;
11;;
16;;
12;;
21;;
15;;
14;;
14;;
14;;
17;;
16;;
12;;
14;;
12;;
19;;
15;;
16;;
12;;
18;;
13;;
18;;
12;;
20;;
18;;
14;;
11;;
16;;
18;;
14;;
17;;
16;;
20;;
16;;
19;;
18;;
13;;
18;;
12;;
19;;
12;;
14;;
12;;
18;;
13;;
22;;
12;;
18;;
16;;
18;;
13;;
20;;
14;;
16;;
14;;
21;;
25;;
14;;
17;;
16;;
12;;
14;;
17;;
16;;
20;;
16;;
19;;
18;;
13;;
15;;
18;;
17;;
12;;
19;;
19;;
18;;
16;;
19;;
19;;
18;;
13;;
21;;
21;;
20;;
14;;
16;;
14;;
18;;
14;;
25;;
12;;
18;;
13;;
22;;
19;;
18;;
13;;
15;;
21;;
20;;
17;;
19;;
19;;
18;;
13;;
21;;
21;;
20;;
20;;
18;;
21;;
20;;
14;;
23;;
14;;
22;;
15;;
17;;
32;;
16;;
9;;
13;;
13;;
12;;
10;;
15;;
13;;
12;;
10;;
12;;
10;;
14;;
11;;
19;;
9;;
12;;
10;;
15;;
15;;
14;;
11;;
13;;
11;;
15;;
11;;
17;;
17;;
16;;
15;;
14;;
11;;
19;;
10;;
12;;
10;;
14;;
11;;
18;;
10;;
14;;
18;;
14;;
11;;
16;;
12;;
14;;
12;;
16;;
12;;
14;;
12;;
19;;
18;;
14;;
17;;
16;;
12;;
14;;
19;;
18;;
16;;
21;;
16;;
12;;
13;;
12;;
15;;
14;;
11;;
13;;
11;;
17;;
14;;
14;;
17;;
16;;
15;;
14;;
17;;
14;;
11;;
13;;
11;;
16;;
18;;
14;;
17;;
16;;
15;;
16;;
19;;
18;;
13;;
24;;
10;;
14;;
11;;
17;;
17;;
16;;
12;;
20;;
11;;
16;;
15;;
16;;
19;;
18;;
13;;
15;;
13;;
22;;
15;;
16;;
12;;
18;;
16;;
15;;
19;;
18;;
13;;
15;;
21;;
20;;
14;;
16;;
19;;
18;;
13;;
24;;
11;;
17;;
17;;
12;;
10;;
14;;
18;;
14;;
11;;
16;;
12;;
20;;
10;;
14;;
18;;
14;;
11;;
16;;
12;;
17;;
17;;
16;;
15;;
16;;
12;;
18;;
13;;
18;;
12;;
20;;
11;;
13;;
17;;
16;;
12;;
14;;
12;;
16;;
15;;
16;;
19;;
18;;
13;;
15;;
13;;
17;;
16;;
17;;
12;;
18;;
16;;
15;;
19;;
18;;
13;;
15;;
21;;
20;;
17;;
16;;
13;;
23;;
18;;
14;;
11;;
16;;
12;;
20;;
11;;
16;;
20;;
16;;
19;;
18;;
16;;
18;;
11;;
16;;
20;;
16;;
12;;
18;;
13;;
15;;
13;;
21;;
13;;
21;;
21;;
20;;
14;;
19;;
13;;
22;;
12;;
19;;
12;;
18;;
19;;
16;;
19;;
18;;
13;;
21;;
21;;
20;;
14;;
25;;
19;;
18;;
13;;
15;;
21;;
20;;
14;;
19;;
13;;
20;;
17;;
20;;
23;;
22;;
15;;
23;;
13;;
19;;
16;;
19;;
12;;
20;;
11;;
16;;
10;;
14;;
11;;
17;;
17;;
16;;
12;;
17;;
11;;
17;;
18;;
14;;
17;;
16;;
12;;
14;;
12;;
19;;
15;;
16;;
19;;
18;;
16;;
15;;
12;;
17;;
15;;
17;;
11;;
16;;
15;;
17;;
11;;
16;;
12;;
19;;
12;;
18;;
16;;
15;;
12;;
17;;
12;;
19;;
12;;
18;;
13;;
15;;
13;;
21;;
13;;
21;;
13;;
20;;
14;;
16;;
19;;
24;;
18;;
14;;
17;;
16;;
12;;
17;;
11;;
16;;
15;;
16;;
12;;
18;;
16;;
15;;
12;;
19;;
15;;
16;;
19;;
18;;
23;;
16;;
12;;
18;;
13;;
15;;
13;;
20;;
17;;
16;;
13;;
22;;
12;;
14;;
19;;
18;;
13;;
15;;
18;;
18;;
22;;
18;;
21;;
20;;
17;;
16;;
13;;
21;;
13;;
15;;
13;;
20;;
14;;
16;;
14;;
18;;
24;;
20;;
23;;
22;;
15;;
23;;
20;;
20;;
11;;
13;;
11;;
16;;
18;;
14;;
17;;
16;;
15;;
16;;
19;;
18;;
13;;
18;;
12;;
17;;
20;;
16;;
19;;
18;;
16;;
15;;
19;;
18;;
13;;
15;;
21;;
20;;
14;;
19;;
19;;
19;;
12;;
14;;
19;;
18;;
16;;
19;;
19;;
18;;
13;;
15;;
21;;
20;;
14;;
16;;
19;;
21;;
13;;
15;;
21;;
20;;
14;;
16;;
14;;
18;;
24;;
20;;
23;;
22;;
15;;
17;;
15;;
28;;
12;;
19;;
12;;
18;;
16;;
15;;
12;;
18;;
22;;
18;;
13;;
20;;
17;;
22;;
19;;
18;;
13;;
21;;
13;;
20;;
20;;
18;;
21;;
20;;
14;;
23;;
23;;
22;;
18;;
17;;
20;;
21;;
22;;
18;;
21;;
20;;
14;;
24;;
21;;
20;;
14;;
23;;
14;;
22;;
15;;
20;;
14;;
23;;
14;;
23;;
23;;
22;;
15;;
17;;
15;;
19;;
26;;
22;;
25;;
24;;
16;;
24;;
14;;
20;;
36;;
11;;
11;;
10;;
9;;
11;;
14;;
10;;
9;;
13;;
13;;
12;;
13;;
15;;
8;;
10;;
9;;
13;;
9;;
12;;
17;;
10;;
13;;
12;;
13;;
12;;
10;;
14;;
14;;
13;;
17;;
10;;
14;;
10;;
13;;
12;;
10;;
12;;
10;;
14;;
10;;
15;;
10;;
14;;
20;;
10;;
9;;
12;;
10;;
15;;
15;;
14;;
14;;
13;;
15;;
14;;
18;;
14;;
11;;
16;;
12;;
23;;
8;;
10;;
9;;
11;;
13;;
12;;
10;;
15;;
9;;
12;;
16;;
12;;
15;;
14;;
14;;
16;;
9;;
12;;
10;;
12;;
10;;
14;;
14;;
15;;
15;;
14;;
11;;
17;;
17;;
16;;
12;;
20;;
16;;
12;;
10;;
15;;
15;;
14;;
19;;
12;;
10;;
14;;
14;;
14;;
11;;
16;;
12;;
20;;
10;;
14;;
14;;
14;;
11;;
16;;
12;;
17;;
11;;
16;;
20;;
16;;
12;;
18;;
13;;
15;;
18;;
17;;
12;;
26;;
13;;
12;;
17;;
10;;
9;;
12;;
10;;
12;;
15;;
14;;
17;;
13;;
9;;
12;;
10;;
12;;
15;;
14;;
11;;
18;;
10;;
14;;
11;;
13;;
17;;
16;;
12;;
14;;
23;;
12;;
10;;
15;;
10;;
14;;
11;;
13;;
18;;
14;;
18;;
14;;
17;;
16;;
15;;
14;;
18;;
14;;
11;;
17;;
17;;
16;;
21;;
14;;
17;;
16;;
12;;
19;;
19;;
18;;
16;;
15;;
12;;
17;;
15;;
20;;
10;;
14;;
19;;
12;;
15;;
14;;
18;;
14;;
11;;
16;;
18;;
14;;
10;;
14;;
11;;
13;;
11;;
16;;
12;;
14;;
12;;
19;;
15;;
16;;
12;;
18;;
13;;
15;;
13;;
17;;
16;;
20;;
17;;
16;;
21;;
14;;
17;;
16;;
15;;
16;;
12;;
18;;
13;;
15;;
13;;
20;;
20;;
16;;
12;;
18;;
16;;
15;;
12;;
18;;
13;;
21;;
21;;
20;;
14;;
22;;
12;;
18;;
22;;
21;;
9;;
12;;
10;;
15;;
13;;
12;;
13;;
12;;
10;;
14;;
11;;
13;;
11;;
18;;
10;;
15;;
15;;
14;;
14;;
13;;
10;;
14;;
11;;
13;;
17;;
16;;
12;;
14;;
12;;
21;;
16;;
12;;
15;;
14;;
11;;
16;;
10;;
14;;
11;;
13;;
11;;
16;;
12;;
17;;
17;;
14;;
11;;
13;;
11;;
16;;
15;;
17;;
17;;
16;;
12;;
14;;
12;;
18;;
13;;
15;;
24;;
15;;
10;;
12;;
15;;
14;;
11;;
13;;
11;;
17;;
18;;
14;;
17;;
16;;
12;;
14;;
12;;
20;;
11;;
13;;
17;;
16;;
12;;
14;;
12;;
16;;
12;;
14;;
19;;
18;;
16;;
15;;
18;;
17;;
11;;
13;;
17;;
16;;
12;;
17;;
11;;
16;;
20;;
16;;
19;;
18;;
13;;
18;;
20;;
16;;
12;;
19;;
19;;
18;;
19;;
16;;
19;;
18;;
13;;
21;;
13;;
20;;
14;;
19;;
19;;
21;;
11;;
13;;
11;;
20;;
11;;
18;;
10;;
14;;
18;;
14;;
11;;
16;;
12;;
14;;
12;;
16;;
12;;
14;;
20;;
16;;
12;;
17;;
17;;
16;;
12;;
14;;
12;;
18;;
13;;
15;;
13;;
23;;
11;;
13;;
11;;
16;;
12;;
14;;
20;;
16;;
15;;
16;;
12;;
18;;
24;;
14;;
11;;
16;;
12;;
14;;
12;;
18;;
19;;
16;;
12;;
18;;
16;;
18;;
21;;
20;;
20;;
21;;
15;;
14;;
18;;
14;;
11;;
16;;
12;;
17;;
17;;
16;;
15;;
16;;
12;;
18;;
19;;
17;;
11;;
16;;
20;;
16;;
12;;
18;;
13;;
15;;
18;;
18;;
16;;
18;;
13;;
20;;
14;;
16;;
22;;
19;;
12;;
14;;
12;;
18;;
13;;
15;;
18;;
18;;
22;;
18;;
13;;
20;;
14;;
16;;
14;;
24;;
16;;
18;;
21;;
20;;
14;;
24;;
13;;
20;;
24;;
20;;
14;;
22;;
18;;
17;;
14;;
25;;
12;;
22;;
11;;
21;;
11;;
13;;
11;;
24;;
16;;
12;;
10;;
14;;
20;;
10;;
13;;
12;;
13;;
12;;
15;;
14;;
19;;
12;;
10;;
14;;
14;;
14;;
11;;
16;;
12;;
17;;
11;;
16;;
14;;
16;;
10;;
14;;
11;;
18;;
15;;
14;;
18;;
14;;
11;;
16;;
15;;
18;;
10;;
14;;
11;;
17;;
11;;
16;;
12;;
17;;
17;;
16;;
12;;
14;;
12;;
18;;
26;;
10;;
13;;
12;;
10;;
12;;
10;;
14;;
11;;
13;;
11;;
15;;
18;;
14;;
11;;
16;;
18;;
15;;
10;;
14;;
11;;
13;;
17;;
16;;
15;;
14;;
11;;
16;;
12;;
19;;
19;;
18;;
19;;
18;;
15;;
14;;
14;;
14;;
11;;
16;;
12;;
20;;
17;;
16;;
15;;
16;;
12;;
18;;
13;;
15;;
13;;
20;;
20;;
16;;
19;;
18;;
13;;
15;;
22;;
18;;
13;;
15;;
13;;
20;;
14;;
16;;
19;;
18;;
13;;
27;;
10;;
14;;
11;;
13;;
18;;
14;;
14;;
14;;
17;;
16;;
12;;
20;;
10;;
14;;
14;;
14;;
17;;
16;;
12;;
14;;
12;;
19;;
20;;
16;;
12;;
18;;
13;;
15;;
13;;
17;;
13;;
23;;
17;;
16;;
12;;
14;;
12;;
19;;
20;;
16;;
12;;
18;;
19;;
17;;
17;;
16;;
12;;
19;;
12;;
18;;
13;;
22;;
12;;
18;;
13;;
21;;
13;;
20;;
17;;
22;;
11;;
17;;
14;;
14;;
11;;
16;;
15;;
17;;
17;;
16;;
12;;
14;;
19;;
18;;
19;;
15;;
11;;
16;;
20;;
16;;
12;;
18;;
19;;
16;;
19;;
18;;
22;;
18;;
21;;
20;;
17;;
16;;
13;;
18;;
13;;
22;;
12;;
18;;
16;;
19;;
19;;
18;;
16;;
18;;
21;;
20;;
17;;
22;;
12;;
18;;
22;;
18;;
13;;
20;;
14;;
16;;
14;;
18;;
24;;
20;;
14;;
22;;
21;;
17;;
25;;
12;;
16;;
12;;
15;;
14;;
11;;
16;;
10;;
14;;
18;;
14;;
11;;
16;;
12;;
14;;
12;;
16;;
12;;
19;;
11;;
16;;
12;;
17;;
11;;
16;;
12;;
14;;
12;;
18;;
13;;
18;;
12;;
17;;
12;;
14;;
12;;
19;;
15;;
14;;
11;;
16;;
20;;
16;;
12;;
18;;
13;;
21;;
17;;
16;;
12;;
14;;
12;;
18;;
13;;
15;;
18;;
18;;
13;;
21;;
21;;
20;;
14;;
16;;
14;;
18;;
14;;
16;;
26;;
16;;
12;;
14;;
20;;
16;;
15;;
16;;
12;;
18;;
13;;
15;;
13;;
22;;
20;;
16;;
12;;
18;;
16;;
19;;
19;;
18;;
16;;
18;;
21;;
20;;
14;;
26;;
11;;
16;;
20;;
16;;
19;;
18;;
16;;
19;;
19;;
18;;
22;;
18;;
21;;
20;;
14;;
19;;
22;;
18;;
22;;
18;;
13;;
20;;
20;;
18;;
21;;
20;;
14;;
23;;
14;;
22;;
18;;
23;;
20;;
19;;
18;;
14;;
17;;
16;;
12;;
14;;
12;;
16;;
12;;
19;;
19;;
18;;
16;;
15;;
12;;
19;;
20;;
16;;
12;;
18;;
13;;
22;;
12;;
18;;
13;;
21;;
21;;
20;;
14;;
16;;
14;;
21;;
23;;
16;;
12;;
18;;
16;;
15;;
19;;
18;;
13;;
15;;
21;;
20;;
20;;
19;;
19;;
18;;
16;;
18;;
21;;
20;;
20;;
18;;
21;;
20;;
17;;
20;;
14;;
22;;
18;;
17;;
20;;
22;;
12;;
14;;
19;;
18;;
13;;
15;;
13;;
17;;
13;;
21;;
21;;
20;;
14;;
16;;
14;;
18;;
14;;
16;;
24;;
20;;
17;;
16;;
13;;
20;;
14;;
23;;
14;;
22;;
24;;
19;;
12;;
18;;
16;;
18;;
21;;
20;;
14;;
24;;
21;;
20;;
14;;
16;;
23;;
22;;
15;;
20;;
14;;
19;;
14;;
16;;
23;;
22;;
15;;
17;;
20;;
22;;
15;;
17;;
15;;
24;;
16;;
18;;
16;;
29;;
24;;
19;;
13;;
12;;
17;;
10;;
13;;
12;;
13;;
12;;
10;;
14;;
11;;
13;;
16;;
15;;
10;;
12;;
15;;
14;;
11;;
13;;
11;;
17;;
14;;
14;;
11;;
16;;
12;;
17;;
11;;
16;;
11;;
13;;
19;;
14;;
17;;
12;;
10;;
14;;
18;;
14;;
11;;
16;;
12;;
14;;
12;;
16;;
12;;
19;;
11;;
16;;
15;;
14;;
11;;
16;;
20;;
16;;
19;;
18;;
13;;
18;;
21;;
17;;
10;;
12;;
10;;
14;;
14;;
13;;
15;;
14;;
18;;
14;;
17;;
16;;
15;;
18;;
15;;
14;;
14;;
14;;
17;;
16;;
12;;
20;;
11;;
16;;
15;;
16;;
12;;
18;;
13;;
15;;
13;;
23;;
14;;
14;;
17;;
16;;
12;;
14;;
12;;
16;;
20;;
16;;
19;;
18;;
16;;
15;;
20;;
16;;
12;;
14;;
12;;
18;;
23;;
16;;
12;;
18;;
13;;
21;;
21;;
20;;
14;;
28;;
10;;
15;;
10;;
12;;
10;;
14;;
14;;
13;;
15;;
14;;
11;;
13;;
11;;
16;;
12;;
17;;
18;;
14;;
11;;
13;;
17;;
16;;
12;;
17;;
17;;
16;;
12;;
19;;
19;;
18;;
22;;
15;;
15;;
14;;
11;;
13;;
11;;
16;;
21;;
14;;
11;;
16;;
20;;
16;;
19;;
18;;
16;;
20;;
17;;
16;;
12;;
19;;
12;;
18;;
19;;
16;;
19;;
18;;
22;;
18;;
21;;
20;;
14;;
16;;
27;;
14;;
11;;
13;;
11;;
16;;
12;;
14;;
12;;
16;;
12;;
19;;
12;;
18;;
13;;
15;;
13;;
17;;
13;;
15;;
20;;
18;;
23;;
16;;
19;;
18;;
16;;
18;;
21;;
20;;
14;;
19;;
13;;
18;;
23;;
16;;
12;;
18;;
19;;
16;;
19;;
18;;
13;;
21;;
21;;
20;;
17;;
16;;
19;;
18;;
16;;
18;;
13;;
20;;
20;;
18;;
21;;
20;;
24;;
20;;
23;;
22;;
15;;
20;;
14;;
25;;
15;;
18;;
10;;
14;;
14;;
15;;
15;;
14;;
11;;
17;;
11;;
16;;
12;;
17;;
11;;
17;;
14;;
14;;
11;;
16;;
12;;
20;;
11;;
16;;
12;;
14;;
19;;
18;;
16;;
15;;
12;;
20;;
18;;
14;;
17;;
16;;
15;;
17;;
17;;
16;;
15;;
16;;
12;;
18;;
22;;
14;;
11;;
16;;
12;;
14;;
19;;
18;;
23;;
16;;
19;;
18;;
16;;
18;;
13;;
20;;
26;;
15;;
15;;
14;;
18;;
14;;
11;;
16;;
18;;
14;;
17;;
16;;
15;;
16;;
12;;
18;;
13;;
15;;
18;;
17;;
15;;
16;;
12;;
18;;
23;;
16;;
12;;
18;;
13;;
21;;
21;;
20;;
17;;
16;;
23;;
16;;
12;;
19;;
12;;
18;;
23;;
16;;
19;;
18;;
13;;
15;;
13;;
20;;
17;;
16;;
13;;
21;;
16;;
18;;
21;;
20;;
14;;
16;;
14;;
18;;
14;;
23;;
14;;
22;;
18;;
17;;
14;;
25;;
15;;
19;;
17;;
16;;
12;;
20;;
11;;
16;;
20;;
16;;
12;;
18;;
13;;
15;;
13;;
17;;
16;;
17;;
19;;
18;;
13;;
15;;
22;;
18;;
16;;
18;;
21;;
20;;
14;;
25;;
17;;
16;;
15;;
16;;
19;;
18;;
16;;
19;;
12;;
18;;
22;;
18;;
21;;
20;;
14;;
19;;
22;;
18;;
22;;
18;;
21;;
20;;
14;;
16;;
19;;
20;;
14;;
23;;
14;;
22;;
15;;
29;;
17;;
16;;
20;;
16;;
12;;
18;;
16;;
15;;
12;;
18;;
22;;
18;;
13;;
20;;
14;;
19;;
22;;
18;;
22;;
18;;
21;;
20;;
14;;
16;;
19;;
20;;
24;;
20;;
23;;
22;;
18;;
17;;
14;;
19;;
14;;
24;;
21;;
20;;
14;;
19;;
21;;
20;;
17;;
20;;
14;;
22;;
15;;
20;;
14;;
19;;
14;;
16;;
14;;
22;;
15;;
17;;
15;;
25;;
18;;
22;;
15;;
24;;
19;;
30;;
11;;
20;;
14;;
15;;
10;;
14;;
14;;
15;;
10;;
14;;
14;;
14;;
11;;
16;;
12;;
20;;
15;;
14;;
11;;
13;;
11;;
16;;
18;;
14;;
11;;
16;;
15;;
16;;
19;;
18;;
13;;
21;;
11;;
17;;
11;;
17;;
17;;
16;;
12;;
14;;
12;;
16;;
12;;
19;;
12;;
18;;
13;;
15;;
18;;
17;;
15;;
16;;
19;;
18;;
13;;
22;;
12;;
18;;
13;;
15;;
21;;
20;;
17;;
19;;
19;;
17;;
18;;
14;;
17;;
16;;
15;;
14;;
11;;
16;;
15;;
16;;
19;;
18;;
19;;
17;;
11;;
16;;
12;;
19;;
12;;
18;;
23;;
16;;
12;;
18;;
13;;
21;;
13;;
20;;
26;;
14;;
17;;
16;;
12;;
19;;
19;;
18;;
13;;
22;;
12;;
18;;
16;;
18;;
21;;
20;;
26;;
16;;
12;;
18;;
22;;
18;;
13;;
20;;
25;;
18;;
21;;
20;;
14;;
23;;
23;;
22;;
15;;
20;;
14;;
19;;
14;;
16;;
14;;
21;;
14;;
28;;
17;;
16;;
15;;
16;;
12;;
18;;
13;;
18;;
18;;
16;;
12;;
19;;
12;;
18;;
13;;
18;;
19;;
18;;
22;;
18;;
13;;
20;;
14;;
16;;
14;;
18;;
14;;
21;;
13;;
21;;
13;;
22;;
19;;
18;;
13;;
15;;
13;;
20;;
26;;
16;;
19;;
18;;
13;;
15;;
21;;
20;;
14;;
19;;
13;;
20;;
17;;
20;;
23;;
22;;
15;;
17;;
15;;
22;;
17;;
19;;
22;;
18;;
13;;
15;;
13;;
17;;
13;;
15;;
21;;
20;;
14;;
16;;
25;;
18;;
13;;
21;;
13;;
20;;
25;;
18;;
13;;
20;;
17;;
20;;
23;;
22;;
21;;
20;;
12;;
18;;
22;;
18;;
21;;
20;;
25;;
18;;
13;;
20;;
17;;
20;;
14;;
22;;
15;;
17;;
15;;
19;;
27;;
20;;
23;;
22;;
15;;
26;;
23;;
22;;
18;;
22;;
15;;
24;;
16;;
18;;
16;;
32;;
12;;
14;;
20;;
16;;
18;;
14;;
17;;
16;;
12;;
14;;
19;;
18;;
19;;
15;;
11;;
16;;
12;;
19;;
12;;
18;;
13;;
15;;
13;;
21;;
16;;
18;;
21;;
20;;
14;;
16;;
25;;
16;;
20;;
16;;
12;;
18;;
16;;
15;;
12;;
18;;
22;;
18;;
21;;
20;;
14;;
19;;
19;;
18;;
22;;
18;;
13;;
20;;
17;;
21;;
13;;
20;;
17;;
20;;
23;;
22;;
15;;
17;;
23;;
22;;
12;;
19;;
19;;
18;;
16;;
19;;
19;;
18;;
16;;
18;;
13;;
20;;
26;;
16;;
19;;
18;;
16;;
18;;
21;;
20;;
17;;
16;;
21;;
20;;
14;;
16;;
14;;
22;;
15;;
17;;
15;;
22;;
14;;
16;;
22;;
20;;
17;;
21;;
13;;
20;;
24;;
20;;
14;;
22;;
28;;
18;;
21;;
20;;
14;;
23;;
23;;
22;;
21;;
20;;
14;;
22;;
26;;
22;;
15;;
24;;
19;;
21;;
14;;
23;;
13;;
22;;
12;;
18;;
16;;
19;;
12;;
18;;
22;;
18;;
13;;
20;;
17;;
19;;
12;;
18;;
22;;
18;;
21;;
20;;
25;;
18;;
13;;
20;;
17;;
20;;
14;;
22;;
21;;
17;;
20;;
18;;
16;;
18;;
21;;
20;;
17;;
21;;
21;;
20;;
14;;
16;;
23;;
22;;
18;;
17;;
24;;
20;;
17;;
20;;
23;;
22;;
15;;
20;;
14;;
22;;
18;;
22;;
25;;
24;;
19;;
18;;
15;;
27;;
13;;
21;;
21;;
20;;
14;;
24;;
13;;
20;;
24;;
20;;
23;;
22;;
15;;
23;;
21;;
20;;
17;;
20;;
23;;
22;;
27;;
20;;
14;;
22;;
26;;
22;;
25;;
24;;
19;;
21;;
14;;
20;;
14;;
23;;
23;;
22;;
15;;
20;;
14;;
22;;
18;;
22;;
25;;
24;;
16;;
18;;
16;;
20;;
29;;
22;;
15;;
24;;
16;;
21;;
15;;
24;;
28;;
24;;
16;;
26;;
26;;
25;;
22;;
24;;
13;;
15;;
9;;
8;;
11;;
9;;
7;;
8;;
11;;
8;;
8;;
10;;
9;;
11;;
17;;
8;;
12;;
8;;
11;;
10;;
9;;
14;;
11;;
10;;
12;;
10;;
9;;
12;;
10;;
15;;
15;;
8;;
11;;
8;;
8;;
10;;
15;;
8;;
11;;
10;;
9;;
13;;
13;;
12;;
19;;
8;;
11;;
10;;
12;;
10;;
9;;
12;;
10;;
15;;
9;;
12;;
10;;
12;;
15;;
14;;
20;;
12;;
9;;
8;;
8;;
10;;
8;;
10;;
9;;
14;;
8;;
10;;
14;;
10;;
13;;
12;;
10;;
12;;
10;;
16;;
14;;
10;;
9;;
12;;
10;;
15;;
9;;
12;;
10;;
12;;
15;;
14;;
21;;
8;;
11;;
10;;
14;;
10;;
9;;
12;;
10;;
16;;
9;;
12;;
10;;
12;;
15;;
14;;
11;;
13;;
11;;
15;;
11;;
18;;
10;;
14;;
11;;
13;;
16;;
14;;
11;;
17;;
17;;
16;;
12;;
17;;
17;;
16;;
10;;
12;;
10;;
21;;
9;;
14;;
8;;
10;;
14;;
10;;
9;;
12;;
10;;
15;;
15;;
10;;
12;;
10;;
13;;
12;;
17;;
10;;
13;;
12;;
13;;
12;;
15;;
14;;
14;;
13;;
10;;
15;;
10;;
16;;
9;;
12;;
17;;
10;;
13;;
12;;
10;;
15;;
15;;
14;;
20;;
10;;
13;;
12;;
10;;
15;;
15;;
14;;
11;;
18;;
15;;
14;;
18;;
14;;
17;;
16;;
12;;
17;;
20;;
13;;
9;;
11;;
13;;
12;;
10;;
16;;
9;;
12;;
16;;
12;;
10;;
14;;
14;;
16;;
9;;
12;;
10;;
15;;
10;;
14;;
11;;
16;;
15;;
14;;
14;;
14;;
17;;
16;;
21;;
14;;
13;;
12;;
16;;
12;;
15;;
14;;
11;;
13;;
11;;
15;;
11;;
13;;
17;;
16;;
12;;
17;;
18;;
14;;
14;;
14;;
11;;
16;;
12;;
14;;
17;;
16;;
15;;
16;;
12;;
18;;
31;;
9;;
7;;
8;;
8;;
11;;
11;;
10;;
9;;
14;;
8;;
10;;
9;;
13;;
9;;
12;;
16;;
11;;
11;;
10;;
9;;
11;;
9;;
12;;
16;;
10;;
9;;
12;;
10;;
12;;
15;;
14;;
11;;
22;;
8;;
10;;
14;;
10;;
13;;
12;;
10;;
12;;
16;;
12;;
13;;
12;;
10;;
14;;
14;;
16;;
9;;
12;;
10;;
15;;
10;;
14;;
17;;
12;;
15;;
14;;
14;;
14;;
11;;
16;;
21;;
14;;
14;;
10;;
9;;
11;;
13;;
12;;
13;;
13;;
13;;
12;;
13;;
12;;
15;;
14;;
14;;
16;;
13;;
12;;
10;;
12;;
15;;
14;;
14;;
13;;
15;;
14;;
11;;
13;;
17;;
16;;
18;;
17;;
9;;
12;;
16;;
12;;
10;;
14;;
11;;
16;;
10;;
14;;
11;;
13;;
17;;
16;;
12;;
14;;
12;;
20;;
11;;
17;;
11;;
16;;
18;;
14;;
17;;
16;;
12;;
19;;
12;;
18;;
16;;
15;;
18;;
23;;
9;;
13;;
13;;
12;;
13;;
12;;
9;;
12;;
10;;
12;;
10;;
14;;
17;;
13;;
13;;
12;;
16;;
12;;
10;;
14;;
14;;
13;;
10;;
14;;
14;;
14;;
17;;
16;;
12;;
14;;
22;;
12;;
13;;
12;;
15;;
14;;
14;;
15;;
10;;
14;;
11;;
13;;
11;;
16;;
12;;
20;;
15;;
14;;
14;;
14;;
17;;
16;;
15;;
14;;
11;;
16;;
12;;
19;;
12;;
18;;
16;;
21;;
10;;
15;;
16;;
12;;
15;;
14;;
11;;
18;;
10;;
14;;
14;;
14;;
11;;
16;;
15;;
17;;
15;;
14;;
14;;
14;;
17;;
16;;
18;;
14;;
11;;
16;;
12;;
19;;
12;;
18;;
16;;
18;;
11;;
17;;
14;;
14;;
11;;
16;;
12;;
14;;
12;;
19;;
20;;
16;;
12;;
18;;
13;;
21;;
17;;
16;;
12;;
14;;
12;;
18;;
16;;
19;;
19;;
18;;
22;;
18;;
21;;
20;;
17;;
16;;
25;;
21;;
22;;
8;;
11;;
10;;
9;;
11;;
9;;
13;;
9;;
13;;
13;;
12;;
10;;
12;;
10;;
14;;
13;;
14;;
9;;
12;;
10;;
12;;
16;;
12;;
16;;
12;;
10;;
14;;
11;;
13;;
11;;
18;;
13;;
15;;
9;;
12;;
16;;
10;;
9;;
12;;
10;;
15;;
10;;
14;;
20;;
10;;
9;;
12;;
10;;
15;;
15;;
14;;
19;;
12;;
15;;
14;;
11;;
13;;
11;;
16;;
15;;
17;;
17;;
10;;
12;;
10;;
9;;
12;;
10;;
16;;
9;;
12;;
13;;
12;;
15;;
14;;
11;;
19;;
13;;
12;;
10;;
12;;
10;;
14;;
11;;
13;;
11;;
15;;
11;;
13;;
17;;
16;;
15;;
17;;
16;;
12;;
16;;
12;;
15;;
14;;
11;;
13;;
16;;
14;;
11;;
17;;
17;;
16;;
12;;
17;;
11;;
16;;
14;;
14;;
17;;
16;;
12;;
20;;
17;;
16;;
12;;
19;;
12;;
18;;
13;;
15;;
13;;
23;;
11;;
19;;
13;;
12;;
17;;
10;;
13;;
12;;
10;;
12;;
15;;
14;;
14;;
13;;
10;;
15;;
13;;
12;;
15;;
14;;
11;;
13;;
11;;
17;;
14;;
14;;
11;;
16;;
12;;
14;;
23;;
12;;
10;;
15;;
15;;
14;;
14;;
13;;
15;;
14;;
14;;
14;;
11;;
16;;
12;;
14;;
17;;
17;;
11;;
17;;
17;;
16;;
21;;
14;;
17;;
16;;
20;;
16;;
19;;
18;;
13;;
15;;
24;;
17;;
16;;
12;;
10;;
14;;
11;;
16;;
10;;
14;;
14;;
14;;
17;;
16;;
12;;
17;;
11;;
17;;
11;;
13;;
17;;
16;;
12;;
17;;
17;;
16;;
20;;
16;;
19;;
18;;
19;;
18;;
10;;
14;;
11;;
13;;
11;;
16;;
15;;
17;;
17;;
16;;
20;;
16;;
19;;
18;;
13;;
21;;
11;;
16;;
15;;
16;;
12;;
18;;
23;;
16;;
12;;
18;;
13;;
21;;
13;;
20;;
26;;
19;;
9;;
13;;
14;;
10;;
13;;
12;;
10;;
12;;
10;;
14;;
16;;
12;;
15;;
14;;
14;;
16;;
9;;
12;;
13;;
12;;
10;;
14;;
11;;
13;;
11;;
15;;
18;;
14;;
11;;
16;;
12;;
14;;
20;;
16;;
10;;
15;;
15;;
14;;
14;;
15;;
10;;
14;;
14;;
14;;
11;;
16;;
12;;
14;;
17;;
17;;
11;;
17;;
11;;
16;;
15;;
17;;
11;;
16;;
12;;
19;;
19;;
18;;
13;;
15;;
13;;
23;;
19;;
12;;
10;;
14;;
17;;
12;;
10;;
14;;
14;;
14;;
11;;
16;;
12;;
17;;
11;;
17;;
11;;
17;;
11;;
16;;
12;;
14;;
12;;
16;;
12;;
14;;
19;;
18;;
25;;
12;;
10;;
14;;
14;;
14;;
11;;
16;;
15;;
17;;
17;;
16;;
15;;
16;;
12;;
18;;
16;;
20;;
17;;
16;;
12;;
14;;
19;;
18;;
23;;
16;;
19;;
18;;
22;;
18;;
13;;
20;;
14;;
22;;
19;;
18;;
16;;
12;;
10;;
14;;
11;;
16;;
10;;
14;;
11;;
13;;
17;;
16;;
12;;
21;;
10;;
14;;
11;;
13;;
11;;
16;;
15;;
14;;
17;;
16;;
20;;
16;;
19;;
18;;
16;;
15;;
12;;
20;;
14;;
14;;
17;;
16;;
18;;
14;;
11;;
16;;
12;;
14;;
12;;
18;;
13;;
18;;
18;;
16;;
20;;
16;;
12;;
18;;
13;;
15;;
13;;
21;;
13;;
21;;
13;;
20;;
14;;
16;;
19;;
18;;
25;;
14;;
11;;
16;;
15;;
14;;
17;;
16;;
20;;
16;;
12;;
18;;
16;;
15;;
12;;
19;;
20;;
16;;
12;;
18;;
16;;
19;;
19;;
18;;
16;;
18;;
21;;
20;;
14;;
22;;
20;;
16;;
20;;
16;;
19;;
18;;
13;;
22;;
12;;
18;;
13;;
21;;
21;;
20;;
26;;
16;;
19;;
18;;
22;;
18;;
21;;
20;;
14;;
19;;
13;;
20;;
17;;
20;;
23;;
22;;
15;;
23;;
23;;
20;;
11;;
8;;
8;;
10;;
9;;
14;;
11;;
10;;
14;;
10;;
9;;
12;;
10;;
18;;
11;;
10;;
12;;
10;;
9;;
12;;
10;;
12;;
15;;
12;;
10;;
15;;
15;;
14;;
21;;
8;;
8;;
10;;
12;;
10;;
9;;
12;;
16;;
10;;
9;;
12;;
10;;
12;;
15;;
14;;
14;;
13;;
16;;
12;;
16;;
12;;
10;;
14;;
11;;
16;;
15;;
14;;
18;;
14;;
17;;
16;;
12;;
17;;
11;;
19;;
13;;
13;;
13;;
12;;
13;;
12;;
13;;
12;;
16;;
12;;
15;;
14;;
20;;
10;;
13;;
12;;
10;;
12;;
15;;
14;;
11;;
13;;
11;;
15;;
11;;
17;;
11;;
16;;
12;;
17;;
17;;
16;;
10;;
15;;
10;;
14;;
11;;
16;;
15;;
14;;
14;;
14;;
11;;
16;;
12;;
17;;
11;;
16;;
18;;
14;;
11;;
16;;
15;;
17;;
11;;
16;;
12;;
14;;
19;;
18;;
16;;
15;;
12;;
17;;
21;;
20;;
13;;
12;;
10;;
12;;
15;;
12;;
10;;
15;;
10;;
14;;
14;;
16;;
13;;
12;;
10;;
15;;
15;;
14;;
19;;
12;;
10;;
14;;
18;;
14;;
17;;
16;;
18;;
14;;
10;;
15;;
16;;
12;;
15;;
14;;
14;;
15;;
10;;
14;;
14;;
14;;
17;;
16;;
12;;
14;;
21;;
14;;
11;;
13;;
11;;
16;;
15;;
14;;
17;;
16;;
15;;
16;;
19;;
18;;
16;;
18;;
11;;
18;;
16;;
12;;
15;;
14;;
11;;
18;;
15;;
14;;
11;;
13;;
17;;
16;;
15;;
17;;
15;;
14;;
14;;
14;;
17;;
16;;
12;;
17;;
11;;
16;;
12;;
19;;
19;;
18;;
16;;
15;;
12;;
20;;
11;;
13;;
11;;
16;;
12;;
20;;
11;;
16;;
20;;
16;;
12;;
18;;
13;;
15;;
21;;
16;;
12;;
19;;
19;;
18;;
13;;
15;;
18;;
18;;
16;;
18;;
21;;
20;;
17;;
16;;
13;;
18;;
16;;
22;;
13;;
12;;
13;;
12;;
9;;
12;;
16;;
12;;
10;;
14;;
11;;
13;;
11;;
18;;
10;;
15;;
15;;
14;;
11;;
16;;
10;;
14;;
11;;
13;;
17;;
16;;
12;;
20;;
17;;
12;;
16;;
12;;
15;;
14;;
14;;
15;;
10;;
14;;
14;;
14;;
11;;
16;;
12;;
14;;
21;;
14;;
11;;
13;;
17;;
16;;
12;;
14;;
12;;
19;;
15;;
16;;
19;;
18;;
16;;
22;;
13;;
12;;
16;;
12;;
10;;
14;;
14;;
15;;
10;;
14;;
11;;
13;;
17;;
16;;
15;;
17;;
15;;
14;;
11;;
17;;
17;;
16;;
15;;
14;;
17;;
16;;
15;;
16;;
12;;
18;;
16;;
15;;
21;;
14;;
11;;
13;;
17;;
16;;
12;;
14;;
12;;
16;;
12;;
14;;
19;;
18;;
16;;
20;;
11;;
16;;
20;;
16;;
12;;
18;;
13;;
15;;
13;;
21;;
13;;
21;;
21;;
20;;
20;;
19;;
11;;
18;;
16;;
12;;
10;;
14;;
19;;
12;;
10;;
14;;
11;;
13;;
11;;
16;;
12;;
17;;
11;;
16;;
11;;
13;;
17;;
16;;
21;;
14;;
11;;
16;;
12;;
14;;
12;;
18;;
16;;
15;;
18;;
17;;
18;;
14;;
11;;
16;;
12;;
17;;
11;;
16;;
15;;
16;;
19;;
18;;
16;;
15;;
12;;
19;;
12;;
19;;
12;;
18;;
13;;
22;;
12;;
18;;
13;;
21;;
21;;
20;;
20;;
21;;
15;;
14;;
18;;
14;;
11;;
16;;
21;;
14;;
17;;
16;;
15;;
16;;
19;;
18;;
16;;
15;;
20;;
16;;
12;;
19;;
19;;
18;;
16;;
19;;
19;;
18;;
13;;
15;;
21;;
20;;
23;;
16;;
17;;
16;;
12;;
19;;
12;;
18;;
16;;
15;;
19;;
18;;
22;;
18;;
13;;
20;;
20;;
16;;
19;;
18;;
16;;
18;;
13;;
20;;
17;;
16;;
13;;
20;;
14;;
23;;
14;;
22;;
15;;
17;;
15;;
22;;
14;;
22;;
13;;
21;;
29;;
19;;
13;;
12;;
10;;
12;;
15;;
14;;
11;;
16;;
16;;
12;;
13;;
12;;
10;;
14;;
14;;
13;;
10;;
14;;
18;;
14;;
17;;
16;;
12;;
20;;
10;;
15;;
10;;
15;;
15;;
14;;
17;;
12;;
10;;
14;;
11;;
13;;
11;;
16;;
18;;
15;;
15;;
14;;
11;;
13;;
17;;
16;;
15;;
14;;
17;;
16;;
20;;
16;;
19;;
18;;
16;;
15;;
18;;
18;;
16;;
12;;
15;;
14;;
19;;
12;;
10;;
14;;
11;;
17;;
11;;
16;;
12;;
21;;
15;;
14;;
14;;
14;;
17;;
16;;
18;;
14;;
11;;
16;;
20;;
16;;
12;;
18;;
13;;
18;;
12;;
20;;
11;;
17;;
17;;
16;;
18;;
14;;
11;;
16;;
12;;
14;;
12;;
18;;
16;;
20;;
11;;
16;;
20;;
16;;
19;;
18;;
16;;
15;;
12;;
18;;
22;;
18;;
21;;
20;;
14;;
16;;
25;;
18;;
16;;
12;;
10;;
14;;
19;;
12;;
15;;
14;;
11;;
17;;
11;;
16;;
18;;
14;;
10;;
14;;
11;;
13;;
17;;
16;;
12;;
14;;
12;;
16;;
15;;
16;;
19;;
18;;
13;;
18;;
21;;
14;;
18;;
14;;
17;;
16;;
12;;
20;;
17;;
16;;
12;;
19;;
19;;
18;;
16;;
20;;
11;;
16;;
15;;
16;;
19;;
18;;
13;;
22;;
19;;
18;;
16;;
18;;
21;;
20;;
14;;
16;;
14;;
18;;
27;;
14;;
17;;
16;;
12;;
14;;
17;;
16;;
12;;
14;;
12;;
18;;
19;;
17;;
11;;
16;;
15;;
16;;
12;;
18;;
19;;
16;;
19;;
18;;
13;;
21;;
13;;
20;;
14;;
22;;
20;;
16;;
12;;
19;;
12;;
18;;
13;;
15;;
13;;
21;;
22;;
18;;
13;;
20;;
14;;
16;;
19;;
21;;
13;;
15;;
13;;
20;;
17;;
16;;
13;;
20;;
14;;
16;;
14;;
22;;
24;;
23;;
10;;
15;;
13;;
12;;
10;;
14;;
17;;
12;;
10;;
14;;
11;;
17;;
11;;
16;;
12;;
