Кол-во операций добавления;Кол-во операций удаления мин; Кол-во операций удаления
1;54;1542
5;82;1553
4;114;1370
8;151;1476
4;167;1475
7;175;1387
6;230;1403
7;208;1417
10;237;1525
7;254;1533
6;294;1537
7;300;1658
9;335;1551
9;332;1799
8;376;1467
11;396;1474
10;437;1989
10;408;1487
6;563;1504
10;414;1514
6;490;1876
9;450;1750
8;473;1532
8;485;1541
12;509;1663
9;518;1563
8;545;1937
11;556;1576
8;612;1594
8;665;1603
10;607;1732
12;731;1626
11;664;1755
8;643;1641
16;701;1666
7;675;1665
9;703;1689
9;723;1691
8;735;1833
13;1002;1710
6;828;1992
9;745;1743
8;771;2010
12;778;1757
8;847;1889
11;860;1767
10;826;1912
9;834;1796
11;1010;1806
14;852;1801
13;981;1955
11;1176;1823
8;932;2293
11;887;1843
10;1077;1867
9;919;1863
11;1094;2027
9;933;1888
13;995;2053
9;947;1922
13;1088;2227
9;970;2231
12;996;2070
16;1002;1939
15;1150;2084
7;1092;1937
9;1169;1960
7;1041;1969
9;1197;2117
9;1138;1964
8;1087;2134
8;1093;1994
10;1118;2321
13;1274;1988
8;1140;2342
8;1222;2169
10;1163;2346
11;1409;2013
10;1180;2189
15;1588;2032
9;1579;2056
9;1178;2063
8;1204;2068
12;1207;2065
8;1385;2086
11;1226;2260
10;1249;2098
15;1677;2109
8;1330;2115
11;1263;2291
10;1270;2122
14;1282;2492
10;1288;2297
13;1294;2137
12;1315;2143
10;1512;2858
12;1513;2151
10;1521;2149
20;1344;2167
11;1540;2164
8;;2563
8;;2175
10;;2196
12;;2206
11;;2211
8;;2223
10;;2962
14;;2616
10;;2223
9;;2220
12;;2431
10;;2651
18;;2252
11;;2253
10;;2462
12;;2265
10;;2285
13;;2284
12;;2950
17;;2294
10;;2730
9;;2304
12;;2743
10;;2529
15;;2528
10;;2321
14;;2545
23;;2341
4;;2365
6;;2577
6;;2374
7;;2382
9;;2388
7;;2399
8;;2401
13;;2411
6;;2625
7;;2408
8;;2882
11;;2422
8;;2442
8;;2671
10;;3262
9;;2455
11;;2458
15;;2459
8;;2482
12;;2965
8;;2492
11;;2487
10;;2509
15;;2516
8;;2523
8;;2521
10;;3295
9;;2775
13;;2780
9;;2545
12;;3325
10;;2790
12;;2789
18;;2551
8;;3072
8;;2563
10;;2824
8;;2580
10;;2603
15;;3120
8;;2606
8;;2866
10;;2618
14;;3145
10;;3147
13;;2623
12;;3509
10;;2627
18;;2648
8;;3181
10;;2656
9;;2669
11;;2676
9;;2675
12;;3228
10;;2694
16;;2959
13;;2693
12;;3562
10;;2978
12;;2980
15;;2715
14;;3284
11;;2728
13;;2748
11;;2756
15;;3029
14;;2757
17;;3042
11;;2773
10;;2792
9;;2790
14;;3733
8;;2812
10;;3091
9;;2812
13;;2830
13;;2842
12;;3125
13;;2839
14;;3144
11;;2855
10;;3158
12;;2870
10;;3177
9;;2884
12;;3192
10;;2901
12;;3884
10;;2909
15;;3223
13;;2926
12;;3900
10;;2954
14;;2961
11;;2969
13;;3942
19;;2949
13;;2978
12;;2966
10;;3289
13;;2982
12;;3640
10;;2996
16;;3024
9;;3037
12;;3043
16;;3356
12;;3057
10;;3044
14;;3720
14;;3080
13;;3079
16;;3086
12;;3400
16;;3748
12;;3088
15;;3759
14;;3408
19;;3412
12;;3094
10;;3103
14;;3419
11;;3425
13;;3102
11;;3110
16;;3109
18;;3102
23;;3446
10;;3126
6;;3128
10;;3121
6;;3142
9;;3845
8;;3841
8;;3142
10;;3145
8;;3139
12;;3159
12;;3152
8;;3173
8;;3523
10;;4217
15;;3173
9;;3179
9;;3170
8;;3538
12;;3195
8;;3546
11;;3186
10;;3200
15;;3211
8;;3212
8;;3215
10;;3218
12;;4291
10;;3577
9;;3222
12;;3220
10;;3221
12;;3241
10;;3241
17;;3627
12;;4027
8;;3254
11;;3252
10;;3268
9;;3273
11;;4055
9;;3266
13;;4060
9;;3281
13;;4367
9;;3273
12;;3290
16;;3299
12;;3297
11;;3302
10;;4100
14;;3304
10;;3694
9;;3310
12;;3310
17;;3309
10;;3320
9;;4142
12;;3326
10;;3329
15;;3740
10;;3334
14;;3348
11;;4468
21;;3346
7;;3345
8;;3767
8;;3357
10;;3368
11;;3368
10;;3382
9;;3800
11;;3384
14;;3384
10;;3401
9;;3823
11;;3404
9;;3401
12;;4275
10;;3407
18;;3423
8;;3418
10;;3436
9;;3440
13;;3453
9;;3446
12;;3467
13;;4352
13;;3471
9;;3477
12;;3913
13;;3467
12;;4376
15;;3486
14;;3928
11;;3477
20;;3498
8;;3491
10;;3511
12;;3967
10;;3966
9;;3513
12;;3981
13;;4448
13;;3534
13;;3526
12;;3543
10;;3547
12;;4718
10;;4469
14;;4468
17;;3536
13;;3552
9;;4012
12;;4013
13;;3560
12;;3564
10;;3568
14;;3570
11;;4519
16;;3574
10;;4046
14;;3576
11;;3581
13;;3584
11;;3583
16;;4788
27;;3584
14;;4789
9;;4075
8;;3604
8;;3617
11;;4814
8;;3609
10;;4099
12;;3625
11;;3629
8;;3626
10;;3643
14;;4138
10;;3648
13;;3656
12;;3655
16;;3655
12;;3667
8;;4886
10;;4667
12;;4668
10;;4663
9;;3656
12;;4163
10;;3665
12;;4177
10;;3675
15;;3691
10;;3700
15;;4933
10;;4202
14;;4926
17;;3696
13;;3703
14;;3706
10;;3719
9;;3719
11;;3733
9;;3740
12;;4250
13;;3743
13;;4260
9;;3742
12;;4799
13;;3755
12;;4274
15;;3753
14;;3762
14;;5018
13;;3769
16;;3767
12;;5033
10;;4298
15;;5030
15;;4306
14;;4839
17;;3769
12;;5038
10;;4846
14;;4842
11;;3773
13;;4312
11;;3783
16;;4322
15;;3798
14;;3798
11;;3797
16;;3814
20;;3820
16;;3822
9;;3821
12;;4372
16;;4377
10;;5105
13;;4369
12;;3828
13;;3835
12;;3836
15;;4954
14;;4386
11;;3848
13;;4407
19;;3859
12;;3870
10;;3878
15;;3877
10;;3884
14;;3885
11;;3887
18;;3896
10;;5199
14;;3897
11;;5043
17;;5036
17;;3898
16;;5203
12;;3907
17;;3909
20;;3912
12;;4489
13;;4496
12;;3930
10;;3931
14;;5098
14;;3938
15;;3939
10;;5110
14;;4515
11;;5109
17;;5253
11;;3943
16;;5118
12;;3946
14;;3956
21;;3957
14;;3969
14;;3976
14;;3979
17;;4570
16;;3985
21;;4576
14;;3988
11;;3995
16;;5193
12;;3996
14;;4002
19;;4008
18;;4017
13;;4016
15;;4628
13;;4034
23;;4033
14;;4036
17;;4045
23;;5271
19;;5395
13;;5264
6;;5260
9;;4036
8;;4046
12;;4047
8;;5289
11;;4058
10;;4670
12;;4061
12;;4064
7;;4072
8;;5316
11;;4691
8;;4688
8;;4074
10;;5335
9;;4089
11;;4709
9;;4100
13;;4108
12;;4114
10;;4121
9;;4753
12;;4125
10;;4128
15;;4138
9;;4773
14;;4143
12;;4144
8;;4151
11;;4161
10;;4803
12;;5557
11;;5448
8;;4160
10;;4807
14;;4170
10;;5567
13;;4812
12;;4173
18;;4175
8;;4188
8;;4200
10;;4848
12;;4202
10;;5609
13;;4860
12;;4208
10;;4211
12;;4224
10;;4222
14;;4228
16;;4893
12;;4889
10;;4235
14;;4904
11;;4908
13;;4901
11;;4244
24;;4914
12;;4255
8;;5684
11;;4259
10;;4274
12;;4270
11;;4950
8;;4283
10;;4302
12;;4307
10;;4977
13;;4308
12;;4318
10;;4314
17;;4332
11;;4340
10;;4342
14;;4337
10;;5030
9;;4347
12;;4362
16;;4356
10;;5821
13;;4371
12;;5055
10;;5062
15;;5823
15;;5061
14;;5774
11;;4366
19;;5073
16;;4389
10;;4390
9;;4401
13;;4402
13;;5102
12;;4407
13;;4410
12;;4412
13;;4421
12;;5123
10;;4420
15;;5905
15;;5865
14;;4427
11;;5876
16;;4432
16;;4433
12;;5153
10;;4445
15;;5167
10;;4462
14;;5173
11;;4465
13;;4464
16;;5957
14;;5924
11;;4465
17;;5935
17;;4472
16;;5198
15;;4483
14;;4487
20;;5964
14;;4493
8;;4498
10;;4500
8;;4500
10;;4508
9;;5246
11;;4517
9;;4516
13;;4524
14;;5269
10;;5266
9;;4536
12;;5278
10;;4548
12;;5284
10;;4548
17;;6065
9;;4553
11;;4565
9;;5314
12;;5311
13;;4567
12;;6097
13;;4575
12;;4588
10;;4591
15;;5337
15;;4585
14;;4591
11;;4597
16;;5352
17;;4592
10;;4603
9;;6133
13;;5353
9;;4594
12;;5358
16;;4595
10;;6131
9;;6135
12;;5358
10;;4605
12;;5360
15;;4596
14;;5368
11;;6132
13;;4601
11;;4606
15;;4603
14;;4608
15;;5372
15;;4604
14;;5379
14;;4608
15;;4607
15;;4608
14;;4617
11;;4621
13;;5411
11;;6171
16;;5404
12;;4628
14;;4624
20;;5410
16;;5408
12;;4622
10;;6168
13;;4628
12;;5412
13;;6171
13;;5410
13;;5415
12;;4627
10;;5413
15;;5410
15;;4630
14;;6174
11;;4631
13;;5416
11;;4630
15;;6172
14;;4630
15;;5422
15;;4636
14;;4635
19;;4638
12;;4642
10;;5445
14;;4640
14;;4646
14;;6190
11;;4645
16;;4652
15;;4650
14;;4657
11;;4655
16;;6215
11;;4663
13;;4662
19;;5477
14;;4659
19;;4661
12;;4672
15;;6226
14;;6222
11;;4671
17;;6225
17;;4666
16;;4666
15;;6223
14;;6215
11;;6215
17;;6210
11;;5471
13;;6191
17;;4644
16;;4660
21;;5490
14;;6214
11;;4660
16;;5498
15;;4673
16;;4672
19;;4673
18;;5509
13;;4686
15;;6236
24;;5510
23;;4676
12;;4680
8;;5520
11;;5520
10;;4681
9;;5521
11;;6236
9;;4682
13;;4690
12;;4687
10;;4695
9;;4693
12;;6261
10;;4702
15;;5544
9;;5546
14;;6256
9;;4694
11;;5548
9;;4697
12;;6265
16;;4705
10;;4705
9;;4707
12;;5559
13;;4708
12;;4706
15;;6275
14;;4707
14;;4709
19;;6277
11;;4709
10;;4716
14;;4715
10;;6288
9;;6288
12;;6275
10;;4711
12;;5578
15;;4713
12;;4720
10;;4726
12;;6297
10;;4719
14;;4723
11;;4726
16;;4732
16;;4739
12;;4738
16;;6315
12;;4733
10;;5619
14;;6304
11;;5610
16;;5606
15;;4728
14;;4736
14;;4734
14;;4746
11;;4744
16;;6333
15;;4746
14;;4756
20;;6335
16;;6331
14;;4752
10;;5649
9;;4758
12;;4755
10;;4755
16;;4763
13;;5667
12;;4760
10;;4759
15;;4768
15;;4772
14;;4769
20;;4769
10;;5684
13;;5685
12;;4770
16;;4769
12;;5690
10;;4779
14;;5689
19;;4772
12;;5696
10;;4781
14;;5697
18;;4775
14;;4784
17;;4780
16;;4789
15;;4785
17;;5723
16;;4789
12;;4801
10;;4797
12;;4812
15;;6404
14;;4804
11;;6404
13;;5732
16;;5731
14;;5727
11;;5728
17;;4792
17;;4790
16;;5736
12;;6396
14;;6385
12;;4787
16;;4799
15;;5748
17;;4803
11;;4808
16;;4806
15;;4808
14;;5751
17;;4803
16;;4809
12;;5761
14;;4806
12;;4806
18;;4816
16;;5774
15;;6418
21;;4812
20;;6411
9;;4808
13;;5778
9;;5777
12;;4811
10;;4812
16;;5781
9;;4821
12;;4818
16;;4821
12;;5793
15;;6431
14;;4816
14;;4821
13;;5787
10;;4827
15;;4828
10;;4832
12;;5805
10;;5809
14;;6439
11;;4822
16;;6434
15;;4826
14;;4840
18;;4843
14;;6453
17;;5824
16;;5816
12;;4835
14;;5824
20;;4840
15;;6451
13;;4834
12;;4841
15;;4845
14;;5844
11;;6471
18;;4848
15;;5844
14;;6466
18;;4845
14;;5836
11;;4848
16;;4858
12;;4859
17;;4870
17;;4862
14;;4869
14;;4867
14;;5879
11;;4874
16;;5883
18;;4876
14;;6505
17;;4878
16;;5896
20;;4882
16;;5901
19;;4885
18;;4900
22;;4893
15;;4908
16;;4913
12;;4909
10;;6530
15;;4902
15;;6529
14;;6523
11;;4898
18;;6525
15;;4889
14;;4901
11;;4895
13;;5931
17;;5936
16;;5934
22;;4904
12;;4920
10;;6544
14;;6545
18;;6539
14;;6524
17;;5927
16;;4898
12;;4910
17;;4912
11;;4914
16;;6539
20;;4912
16;;5949
12;;6542
18;;4907
13;;4911
21;;4909
11;;4910
17;;5958
18;;5960
14;;4913
17;;4910
16;;4919
12;;4920
17;;
17;;
16;;
12;;
19;;
12;;
18;;
22;;
14;;
11;;
16;;
12;;
14;;
19;;
18;;
16;;
19;;
19;;
18;;
13;;
21;;
13;;
20;;
14;;
16;;
14;;
18;;
14;;
16;;
14;;
23;;
13;;
33;;
8;;
20;;
8;;
11;;
11;;
10;;
9;;
11;;
14;;
11;;
12;;
8;;
8;;
10;;
15;;
8;;
8;;
10;;
9;;
11;;
9;;
12;;
16;;
12;;
8;;
14;;
8;;
10;;
11;;
10;;
9;;
14;;
8;;
10;;
9;;
11;;
13;;
12;;
16;;
12;;
8;;
10;;
14;;
10;;
13;;
12;;
10;;
15;;
13;;
12;;
10;;
12;;
10;;
14;;
11;;
16;;
16;;
15;;
9;;
18;;
8;;
10;;
15;;
8;;
11;;
10;;
9;;
11;;
13;;
12;;
13;;
12;;
9;;
13;;
9;;
11;;
13;;
12;;
10;;
12;;
10;;
15;;
10;;
15;;
15;;
14;;
14;;
19;;
11;;
10;;
14;;
10;;
9;;
12;;
10;;
16;;
9;;
12;;
16;;
12;;
10;;
14;;
11;;
19;;
13;;
12;;
13;;
12;;
15;;
14;;
11;;
18;;
15;;
14;;
11;;
17;;
17;;
16;;
12;;
14;;
17;;
16;;
14;;
16;;
10;;
21;;
12;;
11;;
8;;
10;;
9;;
13;;
9;;
12;;
16;;
11;;
8;;
10;;
14;;
10;;
13;;
12;;
10;;
12;;
16;;
12;;
13;;
12;;
10;;
14;;
11;;
13;;
22;;
10;;
9;;
13;;
9;;
12;;
16;;
10;;
9;;
12;;
10;;
15;;
15;;
14;;
11;;
13;;
16;;
15;;
10;;
12;;
10;;
14;;
11;;
16;;
10;;
14;;
14;;
14;;
11;;
16;;
15;;
14;;
11;;
19;;
10;;
12;;
10;;
18;;
10;;
16;;
9;;
12;;
16;;
12;;
10;;
14;;
11;;
13;;
11;;
15;;
11;;
13;;
18;;
14;;
14;;
15;;
15;;
14;;
11;;
17;;
11;;
16;;
12;;
17;;
11;;
19;;
10;;
15;;
15;;
14;;
11;;
13;;
16;;
14;;
11;;
17;;
11;;
16;;
15;;
18;;
10;;
14;;
18;;
14;;
11;;
16;;
15;;
17;;
17;;
16;;
12;;
14;;
12;;
18;;
28;;
15;;
18;;
8;;
8;;
10;;
8;;
10;;
12;;
11;;
11;;
10;;
9;;
13;;
13;;
12;;
16;;
12;;
11;;
10;;
9;;
11;;
9;;
12;;
10;;
12;;
15;;
12;;
10;;
15;;
10;;
14;;
14;;
19;;
8;;
10;;
12;;
10;;
13;;
12;;
13;;
12;;
9;;
12;;
10;;
12;;
10;;
14;;
11;;
16;;
10;;
15;;
16;;
12;;
10;;
14;;
14;;
13;;
15;;
14;;
11;;
13;;
11;;
16;;
12;;
17;;
23;;
10;;
9;;
13;;
9;;
12;;
16;;
10;;
9;;
12;;
10;;
12;;
15;;
14;;
14;;
16;;
13;;
12;;
16;;
12;;
10;;
14;;
17;;
12;;
15;;
14;;
11;;
13;;
11;;
16;;
15;;
20;;
9;;
12;;
10;;
12;;
10;;
14;;
11;;
16;;
15;;
14;;
11;;
17;;
11;;
16;;
15;;
14;;
18;;
14;;
11;;
13;;
11;;
16;;
21;;
14;;
17;;
16;;
12;;
14;;
19;;
18;;
16;;
18;;
11;;
17;;
14;;
16;;
9;;
12;;
17;;
10;;
13;;
12;;
10;;
15;;
15;;
14;;
20;;
10;;
13;;
12;;
13;;
12;;
10;;
14;;
11;;
13;;
11;;
17;;
11;;
13;;
11;;
16;;
12;;
14;;
12;;
16;;
12;;
19;;
11;;
17;;
14;;
15;;
15;;
14;;
14;;
14;;
11;;
16;;
12;;
20;;
10;;
14;;
11;;
17;;
17;;
16;;
12;;
14;;
12;;
19;;
12;;
14;;
19;;
18;;
16;;
15;;
12;;
17;;
21;;
15;;
15;;
14;;
11;;
16;;
15;;
14;;
11;;
17;;
17;;
16;;
12;;
14;;
12;;
16;;
15;;
17;;
17;;
16;;
12;;
17;;
11;;
16;;
15;;
16;;
12;;
18;;
13;;
15;;
13;;
17;;
24;;
14;;
11;;
16;;
12;;
14;;
20;;
16;;
12;;
19;;
19;;
18;;
13;;
18;;
20;;
16;;
12;;
14;;
19;;
18;;
16;;
19;;
19;;
18;;
16;;
18;;
21;;
20;;
17;;
22;;
22;;
18;;
9;;
11;;
9;;
13;;
12;;
11;;
11;;
10;;
9;;
11;;
9;;
12;;
10;;
15;;
15;;
10;;
12;;
10;;
13;;
12;;
13;;
12;;
13;;
12;;
16;;
12;;
10;;
14;;
11;;
19;;
9;;
13;;
9;;
11;;
9;;
12;;
13;;
13;;
9;;
12;;
13;;
12;;
15;;
14;;
14;;
13;;
10;;
15;;
16;;
12;;
15;;
14;;
11;;
13;;
18;;
14;;
14;;
14;;
11;;
16;;
18;;
14;;
17;;
16;;
14;;
10;;
13;;
12;;
10;;
15;;
9;;
12;;
10;;
15;;
15;;
14;;
20;;
10;;
9;;
12;;
10;;
15;;
10;;
14;;
19;;
12;;
10;;
14;;
14;;
14;;
17;;
16;;
15;;
20;;
9;;
12;;
13;;
12;;
10;;
14;;
11;;
18;;
10;;
14;;
11;;
17;;
17;;
16;;
12;;
17;;
11;;
17;;
14;;
14;;
11;;
16;;
12;;
17;;
11;;
16;;
15;;
16;;
19;;
18;;
13;;
15;;
18;;
23;;
10;;
16;;
13;;
12;;
10;;
16;;
13;;
12;;
13;;
12;;
15;;
14;;
17;;
13;;
9;;
12;;
10;;
15;;
15;;
14;;
14;;
15;;
10;;
14;;
11;;
17;;
17;;
16;;
12;;
14;;
12;;
16;;
23;;
12;;
15;;
14;;
14;;
15;;
15;;
14;;
11;;
17;;
11;;
16;;
12;;
14;;
17;;
17;;
11;;
13;;
11;;
16;;
18;;
14;;
17;;
16;;
20;;
16;;
12;;
18;;
19;;
21;;
9;;
12;;
16;;
12;;
10;;
14;;
14;;
15;;
10;;
14;;
11;;
13;;
17;;
16;;
12;;
20;;
10;;
14;;
11;;
17;;
11;;
16;;
15;;
17;;
11;;
16;;
20;;
16;;
12;;
18;;
19;;
18;;
15;;
14;;
18;;
14;;
11;;
16;;
12;;
14;;
12;;
19;;
12;;
19;;
12;;
18;;
13;;
23;;
17;;
16;;
15;;
16;;
19;;
18;;
23;;
16;;
19;;
18;;
16;;
18;;
21;;
20;;
14;;
16;;
19;;
30;;
12;;
10;;
9;;
12;;
13;;
13;;
13;;
12;;
13;;
12;;
15;;
14;;
11;;
13;;
11;;
15;;
11;;
18;;
10;;
14;;
11;;
13;;
11;;
15;;
14;;
14;;
17;;
16;;
15;;
20;;
13;;
12;;
10;;
15;;
15;;
14;;
11;;
16;;
15;;
14;;
18;;
14;;
17;;
16;;
12;;
14;;
17;;
17;;
11;;
13;;
17;;
16;;
21;;
14;;
11;;
16;;
15;;
16;;
12;;
18;;
19;;
21;;
9;;
12;;
13;;
12;;
10;;
14;;
11;;
13;;
16;;
14;;
11;;
13;;
17;;
16;;
15;;
14;;
17;;
14;;
14;;
14;;
11;;
16;;
15;;
17;;
11;;
16;;
12;;
14;;
19;;
18;;
13;;
15;;
21;;
17;;
14;;
14;;
11;;
16;;
12;;
14;;
12;;
16;;
15;;
16;;
12;;
18;;
13;;
15;;
23;;
16;;
20;;
16;;
19;;
18;;
13;;
18;;
12;;
18;;
13;;
21;;
13;;
20;;
14;;
16;;
25;;
18;;
19;;
12;;
10;;
14;;
14;;
13;;
10;;
14;;
14;;
14;;
17;;
16;;
12;;
21;;
10;;
14;;
11;;
13;;
11;;
16;;
12;;
20;;
11;;
16;;
12;;
19;;
19;;
18;;
13;;
24;;
15;;
14;;
14;;
14;;
11;;
16;;
12;;
20;;
17;;
16;;
15;;
16;;
19;;
18;;
19;;
17;;
17;;
16;;
15;;
16;;
12;;
18;;
13;;
15;;
13;;
17;;
16;;
18;;
21;;
20;;
17;;
19;;
19;;
18;;
11;;
17;;
17;;
16;;
12;;
20;;
17;;
16;;
15;;
16;;
19;;
18;;
13;;
23;;
17;;
16;;
12;;
14;;
12;;
18;;
13;;
18;;
12;;
18;;
13;;
15;;
21;;
20;;
23;;
17;;
11;;
16;;
20;;
16;;
19;;
18;;
16;;
15;;
12;;
18;;
13;;
15;;
21;;
20;;
26;;
16;;
12;;
18;;
22;;
18;;
13;;
20;;
17;;
21;;
21;;
20;;
14;;
16;;
23;;
22;;
21;;
26;;
19;;
6;;
7;;
9;;
7;;
8;;
11;;
10;;
7;;
8;;
8;;
10;;
8;;
10;;
9;;
11;;
9;;
13;;
12;;
11;;
11;;
10;;
15;;
8;;
11;;
10;;
9;;
13;;
9;;
12;;
13;;
12;;
9;;
14;;
12;;
8;;
8;;
10;;
15;;
8;;
11;;
10;;
9;;
13;;
13;;
12;;
13;;
14;;
8;;
10;;
14;;
10;;
13;;
12;;
16;;
10;;
9;;
12;;
13;;
12;;
15;;
14;;
11;;
13;;
11;;
15;;
11;;
18;;
10;;
20;;
12;;
11;;
11;;
10;;
12;;
10;;
13;;
12;;
16;;
12;;
8;;
10;;
14;;
10;;
9;;
12;;
10;;
16;;
13;;
12;;
16;;
12;;
10;;
14;;
14;;
16;;
9;;
15;;
14;;
10;;
13;;
12;;
16;;
10;;
9;;
12;;
10;;
15;;
15;;
14;;
14;;
13;;
16;;
12;;
10;;
12;;
15;;
14;;
17;;
12;;
15;;
14;;
18;;
14;;
11;;
16;;
12;;
20;;
18;;
8;;
8;;
11;;
11;;
10;;
9;;
14;;
8;;
10;;
12;;
10;;
13;;
12;;
10;;
12;;
10;;
17;;
9;;
11;;
9;;
12;;
13;;
13;;
13;;
12;;
10;;
12;;
10;;
14;;
11;;
13;;
20;;
10;;
9;;
13;;
13;;
12;;
10;;
15;;
13;;
12;;
13;;
12;;
10;;
14;;
11;;
16;;
16;;
12;;
10;;
12;;
10;;
14;;
11;;
13;;
11;;
17;;
11;;
13;;
17;;
16;;
12;;
17;;
20;;
13;;
9;;
11;;
13;;
12;;
13;;
13;;
9;;
12;;
10;;
15;;
15;;
14;;
11;;
13;;
19;;
12;;
16;;
12;;
15;;
14;;
11;;
18;;
10;;
14;;
18;;
14;;
17;;
16;;
12;;
17;;
11;;
16;;
11;;
19;;
15;;
14;;
14;;
13;;
15;;
14;;
14;;
14;;
11;;
16;;
18;;
14;;
10;;
14;;
14;;
14;;
11;;
16;;
12;;
14;;
17;;
16;;
12;;
14;;
19;;
18;;
13;;
15;;
13;;
23;;
24;;
17;;
11;;
10;;
12;;
11;;
8;;
10;;
12;;
10;;
13;;
12;;
10;;
15;;
15;;
10;;
9;;
13;;
9;;
12;;
13;;
12;;
13;;
12;;
10;;
12;;
15;;
14;;
11;;
19;;
9;;
15;;
12;;
10;;
9;;
12;;
10;;
16;;
9;;
12;;
10;;
15;;
10;;
14;;
11;;
13;;
11;;
18;;
16;;
12;;
15;;
14;;
11;;
16;;
15;;
14;;
14;;
14;;
17;;
16;;
12;;
20;;
10;;
16;;
10;;
16;;
9;;
12;;
10;;
12;;
10;;
15;;
13;;
12;;
15;;
14;;
14;;
13;;
16;;
12;;
10;;
12;;
10;;
14;;
14;;
13;;
10;;
14;;
18;;
14;;
17;;
16;;
15;;
19;;
9;;
12;;
16;;
12;;
10;;
14;;
11;;
16;;
10;;
14;;
14;;
14;;
11;;
16;;
12;;
21;;
15;;
14;;
11;;
13;;
17;;
16;;
12;;
17;;
11;;
16;;
20;;
16;;
19;;
18;;
13;;
21;;
18;;
17;;
10;;
20;;
13;;
12;;
13;;
13;;
9;;
12;;
10;;
12;;
15;;
14;;
11;;
13;;
11;;
18;;
16;;
12;;
15;;
14;;
14;;
15;;
15;;
14;;
18;;
14;;
17;;
16;;
12;;
14;;
12;;
16;;
12;;
14;;
12;;
21;;
19;;
12;;
10;;
14;;
18;;
14;;
11;;
16;;
15;;
17;;
10;;
14;;
11;;
17;;
11;;
16;;
12;;
14;;
20;;
16;;
20;;
16;;
12;;
18;;
13;;
15;;
13;;
26;;
10;;
15;;
15;;
14;;
17;;
12;;
10;;
14;;
14;;
14;;
11;;
16;;
12;;
17;;
18;;
14;;
18;;
14;;
17;;
16;;
15;;
17;;
17;;
16;;
15;;
16;;
12;;
18;;
16;;
18;;
18;;
14;;
11;;
13;;
11;;
16;;
18;;
14;;
11;;
16;;
12;;
14;;
12;;
18;;
13;;
15;;
23;;
16;;
15;;
16;;
19;;
18;;
13;;
15;;
13;;
21;;
16;;
18;;
21;;
20;;
14;;
16;;
14;;
18;;
28;;
21;;
14;;
10;;
12;;
11;;
8;;
10;;
9;;
13;;
9;;
12;;
13;;
15;;
8;;
10;;
12;;
10;;
13;;
12;;
13;;
12;;
9;;
12;;
16;;
12;;
10;;
14;;
11;;
13;;
16;;
15;;
10;;
16;;
13;;
12;;
17;;
10;;
13;;
12;;
13;;
12;;
10;;
14;;
17;;
13;;
13;;
12;;
10;;
12;;
10;;
14;;
11;;
13;;
18;;
14;;
11;;
17;;
17;;
16;;
12;;
14;;
23;;
10;;
9;;
13;;
13;;
12;;
17;;
10;;
13;;
12;;
10;;
12;;
10;;
14;;
11;;
16;;
16;;
12;;
10;;
12;;
15;;
14;;
11;;
13;;
11;;
17;;
18;;
14;;
17;;
16;;
12;;
20;;
16;;
12;;
16;;
12;;
10;;
14;;
11;;
16;;
10;;
14;;
18;;
14;;
11;;
16;;
12;;
17;;
11;;
16;;
11;;
13;;
11;;
16;;
15;;
14;;
11;;
16;;
12;;
14;;
19;;
18;;
13;;
15;;
13;;
17;;
13;;
23;;
19;;
12;;
13;;
12;;
13;;
12;;
10;;
15;;
15;;
14;;
17;;
13;;
9;;
12;;
13;;
12;;
15;;
14;;
19;;
12;;
10;;
14;;
11;;
13;;
17;;
16;;
21;;
14;;
9;;
12;;
10;;
12;;
10;;
14;;
14;;
15;;
15;;
14;;
18;;
14;;
11;;
16;;
18;;
14;;
10;;
14;;
11;;
13;;
11;;
16;;
12;;
20;;
17;;
16;;
20;;
16;;
19;;
18;;
13;;
15;;
18;;
20;;
14;;
15;;
15;;
14;;
14;;
13;;
10;;
14;;
11;;
17;;
11;;
16;;
12;;
21;;
15;;
14;;
18;;
14;;
11;;
16;;
15;;
17;;
11;;
16;;
12;;
19;;
12;;
18;;
13;;
15;;
13;;
17;;
16;;
20;;
11;;
16;;
12;;
20;;
11;;
16;;
12;;
19;;
12;;
18;;
19;;
15;;
17;;
16;;
12;;
19;;
12;;
18;;
19;;
16;;
12;;
18;;
13;;
15;;
21;;
20;;
17;;
16;;
13;;
27;;
13;;
18;;
9;;
12;;
10;;
12;;
10;;
15;;
10;;
15;;
15;;
14;;
11;;
13;;
11;;
18;;
10;;
15;;
10;;
14;;
11;;
13;;
18;;
14;;
18;;
14;;
17;;
16;;
12;;
17;;
17;;
16;;
10;;
15;;
10;;
14;;
14;;
15;;
10;;
14;;
14;;
14;;
17;;
16;;
18;;
14;;
15;;
14;;
14;;
14;;
17;;
16;;
12;;
14;;
17;;
16;;
20;;
16;;
12;;
18;;
13;;
21;;
18;;
15;;
13;;
12;;
15;;
14;;
17;;
12;;
15;;
14;;
18;;
14;;
11;;
16;;
12;;
21;;
15;;
14;;
14;;
14;;
17;;
16;;
21;;
14;;
11;;
16;;
12;;
14;;
12;;
18;;
22;;
15;;
15;;
14;;
11;;
17;;
17;;
16;;
18;;
14;;
11;;
16;;
15;;
16;;
12;;
18;;
16;;
15;;
12;;
17;;
12;;
19;;
12;;
18;;
16;;
15;;
12;;
18;;
16;;
18;;
13;;
20;;
14;;
16;;
19;;
24;;
11;;
18;;
10;;
14;;
17;;
12;;
15;;
14;;
14;;
14;;
11;;
16;;
15;;
18;;
10;;
14;;
18;;
14;;
17;;
16;;
21;;
14;;
11;;
16;;
20;;
16;;
12;;
18;;
13;;
15;;
18;;
17;;
12;;
20;;
11;;
16;;
12;;
14;;
12;;
19;;
12;;
19;;
12;;
18;;
19;;
17;;
17;;
16;;
15;;
16;;
19;;
18;;
13;;
18;;
12;;
18;;
22;;
18;;
21;;
20;;
23;;
19;;
10;;
14;;
18;;
14;;
11;;
16;;
12;;
20;;
11;;
16;;
15;;
16;;
19;;
18;;
16;;
20;;
11;;
16;;
15;;
16;;
12;;
18;;
13;;
15;;
18;;
18;;
16;;
18;;
21;;
20;;
14;;
22;;
12;;
18;;
15;;
16;;
19;;
18;;
13;;
15;;
13;;
17;;
16;;
18;;
21;;
20;;
17;;
22;;
12;;
18;;
16;;
18;;
13;;
20;;
14;;
16;;
24;;
20;;
14;;
23;;
14;;
22;;
21;;
20;;
12;;
19;;
26;;
22;;
8;;
10;;
9;;
14;;
11;;
10;;
9;;
13;;
9;;
12;;
13;;
14;;
8;;
10;;
9;;
13;;
13;;
12;;
17;;
10;;
13;;
12;;
10;;
12;;
10;;
14;;
11;;
13;;
16;;
16;;
14;;
10;;
9;;
12;;
16;;
10;;
9;;
12;;
16;;
12;;
15;;
14;;
11;;
16;;
10;;
15;;
16;;
12;;
10;;
14;;
19;;
12;;
15;;
14;;
11;;
17;;
11;;
16;;
15;;
14;;
20;;
10;;
9;;
13;;
9;;
12;;
13;;
12;;
9;;
12;;
10;;
15;;
10;;
14;;
14;;
16;;
13;;
12;;
13;;
12;;
10;;
14;;
14;;
15;;
15;;
14;;
11;;
13;;
11;;
16;;
15;;
17;;
17;;
12;;
16;;
12;;
10;;
14;;
11;;
13;;
18;;
14;;
11;;
13;;
11;;
16;;
12;;
14;;
12;;
19;;
18;;
14;;
17;;
16;;
12;;
20;;
11;;
16;;
15;;
16;;
12;;
18;;
16;;
18;;
21;;
17;;
9;;
11;;
9;;
12;;
13;;
12;;
13;;
12;;
13;;
12;;
10;;
14;;
20;;
10;;
9;;
12;;
10;;
12;;
10;;
14;;
14;;
13;;
10;;
14;;
14;;
14;;
17;;
16;;
18;;
17;;
9;;
12;;
10;;
15;;
10;;
14;;
11;;
13;;
11;;
17;;
11;;
13;;
17;;
16;;
21;;
12;;
15;;
14;;
18;;
14;;
11;;
16;;
15;;
17;;
11;;
16;;
15;;
16;;
12;;
18;;
13;;
18;;
22;;
12;;
16;;
12;;
15;;
14;;
11;;
18;;
10;;
14;;
11;;
13;;
11;;
16;;
12;;
17;;
11;;
16;;
14;;
14;;
11;;
16;;
21;;
14;;
11;;
16;;
20;;
16;;
12;;
18;;
13;;
18;;
21;;
14;;
11;;
17;;
11;;
16;;
21;;
14;;
17;;
16;;
12;;
14;;
12;;
18;;
19;;
15;;
11;;
16;;
20;;
16;;
19;;
18;;
16;;
19;;
19;;
18;;
16;;
18;;
21;;
20;;
14;;
22;;
19;;
24;;
12;;
10;;
9;;
12;;
10;;
12;;
15;;
12;;
13;;
12;;
10;;
14;;
14;;
16;;
9;;
12;;
10;;
15;;
15;;
14;;
14;;
15;;
10;;
14;;
11;;
17;;
17;;
16;;
18;;
14;;
10;;
15;;
10;;
12;;
15;;
14;;
11;;
13;;
16;;
14;;
18;;
14;;
11;;
16;;
15;;
14;;
18;;
14;;
14;;
14;;
17;;
16;;
12;;
14;;
17;;
16;;
15;;
16;;
12;;
18;;
16;;
15;;
22;;
12;;
13;;
12;;
15;;
14;;
19;;
12;;
15;;
14;;
18;;
14;;
17;;
16;;
12;;
17;;
18;;
14;;
14;;
14;;
11;;
16;;
12;;
17;;
11;;
16;;
12;;
14;;
19;;
18;;
13;;
24;;
10;;
14;;
14;;
14;;
11;;
16;;
12;;
14;;
12;;
19;;
20;;
16;;
12;;
18;;
13;;
23;;
11;;
16;;
15;;
16;;
12;;
18;;
13;;
18;;
19;;
18;;
13;;
21;;
21;;
20;;
14;;
16;;
14;;
18;;
14;;
16;;
27;;
17;;
14;;
13;;
15;;
14;;
18;;
14;;
11;;
16;;
15;;
17;;
10;;
14;;
18;;
14;;
11;;
16;;
15;;
17;;
11;;
16;;
12;;
19;;
12;;
18;;
13;;
15;;
18;;
20;;
11;;
17;;
17;;
16;;
12;;
14;;
12;;
16;;
15;;
16;;
19;;
18;;
13;;
15;;
18;;
19;;
12;;
14;;
19;;
18;;
16;;
19;;
12;;
18;;
13;;
21;;
13;;
20;;
14;;
16;;
22;;
21;;
14;;
14;;
11;;
16;;
15;;
14;;
11;;
16;;
20;;
16;;
19;;
18;;
22;;
14;;
11;;
16;;
20;;
16;;
12;;
18;;
13;;
15;;
13;;
21;;
22;;
18;;
21;;
20;;
14;;
26;;
17;;
16;;
12;;
14;;
12;;
18;;
16;;
19;;
19;;
18;;
22;;
18;;
21;;
20;;
17;;
22;;
19;;
18;;
22;;
18;;
13;;
20;;
20;;
18;;
13;;
20;;
14;;
16;;
14;;
22;;
15;;
20;;
14;;
19;;
14;;
16;;
31;;
21;;
10;;
15;;
13;;
12;;
16;;
12;;
15;;
14;;
11;;
16;;
10;;
15;;
10;;
12;;
10;;
14;;
11;;
16;;
15;;
14;;
14;;
14;;
17;;
16;;
12;;
17;;
11;;
16;;
11;;
19;;
15;;
14;;
17;;
12;;
10;;
14;;
11;;
13;;
11;;
16;;
12;;
14;;
12;;
19;;
11;;
13;;
11;;
16;;
12;;
14;;
17;;
16;;
12;;
14;;
12;;
18;;
16;;
22;;
13;;
12;;
10;;
15;;
10;;
14;;
19;;
12;;
15;;
14;;
11;;
17;;
11;;
16;;
15;;
14;;
11;;
16;;
11;;
17;;
11;;
16;;
15;;
17;;
17;;
16;;
12;;
14;;
19;;
18;;
19;;
15;;
11;;
17;;
18;;
14;;
17;;
16;;
12;;
14;;
20;;
16;;
12;;
19;;
19;;
18;;
13;;
18;;
20;;
16;;
20;;
16;;
12;;
18;;
13;;
15;;
13;;
17;;
13;;
21;;
21;;
20;;
14;;
19;;
19;;
18;;
12;;
14;;
12;;
23;;
19;;
12;;
15;;
14;;
18;;
14;;
11;;
16;;
12;;
14;;
12;;
19;;
18;;
14;;
17;;
16;;
18;;
14;;
17;;
16;;
20;;
16;;
19;;
18;;
16;;
21;;
15;;
14;;
18;;
14;;
11;;
16;;
12;;
14;;
20;;
16;;
20;;
16;;
12;;
18;;
13;;
21;;
17;;
16;;
15;;
16;;
19;;
18;;
23;;
16;;
12;;
18;;
13;;
15;;
13;;
20;;
29;;
12;;
15;;
14;;
18;;
14;;
17;;
16;;
12;;
20;;
17;;
16;;
12;;
14;;
19;;
18;;
16;;
15;;
12;;
17;;
20;;
16;;
12;;
18;;
16;;
19;;
19;;
18;;
13;;
21;;
13;;
20;;
20;;
19;;
11;;
16;;
15;;
16;;
19;;
18;;
23;;
16;;
19;;
18;;
16;;
18;;
13;;
20;;
20;;
19;;
19;;
18;;
13;;
21;;
21;;
20;;
14;;
16;;
14;;
23;;
17;;
20;;
14;;
22;;
18;;
26;;
23;;
12;;
13;;
12;;
15;;
14;;
11;;
13;;
11;;
15;;
11;;
17;;
11;;
16;;
12;;
14;;
20;;
14;;
18;;
14;;
17;;
16;;
12;;
17;;
11;;
16;;
15;;
16;;
12;;
18;;
16;;
15;;
12;;
17;;
15;;
17;;
11;;
16;;
12;;
20;;
17;;
16;;
12;;
14;;
12;;
18;;
24;;
14;;
17;;
16;;
12;;
14;;
12;;
18;;
16;;
15;;
19;;
18;;
13;;
21;;
13;;
20;;
14;;
16;;
14;;
18;;
14;;
21;;
13;;
22;;
15;;
14;;
17;;
16;;
12;;
19;;
12;;
18;;
19;;
15;;
11;;
16;;
12;;
19;;
19;;
18;;
16;;
15;;
19;;
18;;
16;;
18;;
13;;
20;;
14;;
25;;
17;;
16;;
12;;
14;;
12;;
18;;
19;;
16;;
19;;
18;;
13;;
15;;
21;;
20;;
14;;
16;;
14;;
24;;
13;;
21;;
13;;
20;;
14;;
24;;
21;;
20;;
24;;
20;;
23;;
22;;
18;;
20;;
13;;
22;;
12;;
20;;
17;;
16;;
15;;
17;;
11;;
16;;
12;;
19;;
19;;
18;;
13;;
23;;
17;;
16;;
15;;
16;;
19;;
18;;
16;;
19;;
19;;
18;;
16;;
18;;
21;;
20;;
27;;
14;;
11;;
16;;
12;;
19;;
19;;
18;;
23;;
16;;
12;;
18;;
13;;
21;;
21;;
20;;
14;;
19;;
13;;
18;;
13;;
21;;
13;;
20;;
25;;
18;;
13;;
20;;
24;;
20;;
23;;
22;;
15;;
26;;
20;;
16;;
15;;
16;;
12;;
18;;
13;;
15;;
13;;
21;;
22;;
18;;
13;;
20;;
14;;
19;;
19;;
18;;
13;;
21;;
21;;
20;;
20;;
18;;
13;;
20;;
24;;
20;;
14;;
22;;
18;;
17;;
20;;
21;;
22;;
18;;
13;;
20;;
14;;
19;;
21;;
20;;
17;;
20;;
23;;
22;;
15;;
23;;
13;;
20;;
17;;
20;;
14;;
22;;
18;;
17;;
23;;
22;;
26;;
22;;
25;;
24;;
19;;
18;;
15;;
20;;
15;;
17;;
23;;
25;;
16;;
23;;
11;;
28;;
9;;
25;;
11;;
10;;
9;;
14;;
8;;
13;;
11;;
8;;
11;;
10;;
12;;
11;;
8;;
10;;
12;;
10;;
9;;
12;;
10;;
18;;
8;;
14;;
8;;
10;;
11;;
10;;
15;;
8;;
8;;
10;;
9;;
13;;
13;;
12;;
13;;
15;;
8;;
10;;
9;;
11;;
13;;
12;;
10;;
16;;
13;;
12;;
16;;
12;;
15;;
14;;
14;;
16;;
9;;
18;;
8;;
10;;
8;;
10;;
15;;
8;;
11;;
10;;
9;;
13;;
9;;
12;;
10;;
12;;
10;;
14;;
18;;
10;;
13;;
12;;
13;;
13;;
13;;
12;;
10;;
12;;
15;;
14;;
14;;
17;;
8;;
10;;
14;;
10;;
9;;
12;;
16;;
10;;
13;;
12;;
16;;
12;;
15;;
14;;
11;;
19;;
13;;
12;;
10;;
15;;
15;;
14;;
11;;
16;;
15;;
14;;
18;;
14;;
17;;
16;;
12;;
17;;
17;;
16;;
10;;
19;;
9;;
18;;
15;;
8;;
8;;
10;;
12;;
10;;
9;;
12;;
13;;
12;;
14;;
10;;
9;;
13;;
9;;
12;;
10;;
12;;
16;;
12;;
16;;
12;;
15;;
14;;
17;;
13;;
14;;
10;;
14;;
10;;
9;;
12;;
13;;
13;;
9;;
12;;
16;;
12;;
10;;
14;;
11;;
16;;
10;;
15;;
10;;
15;;
15;;
14;;
17;;
12;;
10;;
14;;
18;;
14;;
17;;
16;;
12;;
20;;
10;;
16;;
13;;
13;;
9;;
12;;
13;;
12;;
13;;
12;;
16;;
12;;
10;;
14;;
14;;
13;;
16;;
12;;
16;;
12;;
15;;
14;;
14;;
15;;
15;;
14;;
11;;
17;;
11;;
16;;
21;;
13;;
13;;
12;;
13;;
12;;
10;;
14;;
17;;
12;;
10;;
14;;
14;;
14;;
11;;
16;;
12;;
14;;
21;;
14;;
14;;
14;;
17;;
16;;
21;;
14;;
17;;
16;;
12;;
14;;
19;;
18;;
19;;
15;;
11;;
17;;
11;;
13;;
26;;
10;;
9;;
14;;
11;;
10;;
9;;
11;;
9;;
12;;
10;;
12;;
10;;
14;;
18;;
10;;
13;;
12;;
13;;
12;;
9;;
12;;
16;;
12;;
10;;
14;;
11;;
13;;
11;;
19;;
12;;
10;;
9;;
12;;
13;;
12;;
9;;
12;;
10;;
12;;
15;;
14;;
14;;
16;;
9;;
12;;
10;;
12;;
15;;
14;;
17;;
12;;
10;;
14;;
11;;
13;;
17;;
16;;
15;;
23;;
8;;
10;;
12;;
10;;
9;;
12;;
10;;
12;;
16;;
12;;
10;;
12;;
15;;
14;;
11;;
13;;
11;;
15;;
14;;
15;;
15;;
14;;
11;;
13;;
18;;
14;;
11;;
13;;
17;;
16;;
12;;
17;;
20;;
12;;
13;;
12;;
10;;
14;;
11;;
13;;
16;;
14;;
14;;
14;;
11;;
16;;
12;;
21;;
10;;
14;;
18;;
14;;
17;;
16;;
18;;
14;;
11;;
16;;
12;;
14;;
12;;
18;;
16;;
15;;
18;;
20;;
21;;
10;;
13;;
12;;
16;;
10;;
9;;
12;;
10;;
15;;
15;;
14;;
20;;
10;;
13;;
12;;
10;;
12;;
15;;
14;;
17;;
12;;
10;;
14;;
11;;
13;;
17;;
16;;
15;;
20;;
13;;
12;;
16;;
12;;
10;;
14;;
11;;
16;;
15;;
14;;
14;;
14;;
11;;
16;;
18;;
14;;
15;;
14;;
11;;
13;;
11;;
16;;
12;;
14;;
20;;
16;;
15;;
16;;
19;;
18;;
16;;
15;;
12;;
20;;
19;;
12;;
10;;
14;;
11;;
13;;
11;;
17;;
14;;
14;;
17;;
16;;
12;;
14;;
12;;
16;;
15;;
17;;
17;;
16;;
12;;
17;;
17;;
16;;
20;;
16;;
19;;
18;;
16;;
21;;
10;;
14;;
11;;
13;;
17;;
16;;
12;;
14;;
12;;
16;;
15;;
16;;
12;;
18;;
16;;
15;;
18;;
16;;
12;;
19;;
12;;
18;;
16;;
19;;
12;;
18;;
22;;
18;;
13;;
20;;
17;;
19;;
12;;
18;;
22;;
24;;
8;;
10;;
9;;
11;;
14;;
10;;
14;;
10;;
13;;
12;;
13;;
12;;
9;;
13;;
12;;
10;;
13;;
12;;
10;;
16;;
9;;
12;;
16;;
12;;
15;;
14;;
11;;
13;;
11;;
15;;
19;;
15;;
9;;
12;;
13;;
12;;
9;;
12;;
10;;
15;;
10;;
14;;
11;;
13;;
11;;
15;;
19;;
12;;
10;;
14;;
19;;
12;;
15;;
14;;
18;;
14;;
17;;
16;;
12;;
17;;
11;;
16;;
11;;
19;;
19;;
12;;
10;;
12;;
10;;
14;;
10;;
12;;
10;;
14;;
11;;
13;;
16;;
15;;
13;;
12;;
10;;
14;;
11;;
13;;
11;;
17;;
14;;
14;;
17;;
16;;
12;;
14;;
12;;
19;;
19;;
12;;
10;;
14;;
19;;
12;;
10;;
14;;
11;;
17;;
11;;
16;;
12;;
14;;
21;;
14;;
18;;
14;;
11;;
16;;
18;;
14;;
11;;
16;;
15;;
16;;
19;;
18;;
13;;
15;;
18;;
20;;
21;;
17;;
13;;
12;;
10;;
15;;
13;;
12;;
13;;
12;;
15;;
14;;
11;;
16;;
10;;
15;;
10;;
12;;
15;;
14;;
11;;
13;;
11;;
15;;
18;;
14;;
17;;
16;;
12;;
14;;
20;;
16;;
10;;
12;;
15;;
14;;
19;;
12;;
15;;
14;;
14;;
14;;
11;;
16;;
12;;
17;;
18;;
14;;
11;;
13;;
11;;
16;;
15;;
14;;
17;;
16;;
12;;
14;;
12;;
18;;
22;;
18;;
9;;
12;;
10;;
15;;
15;;
14;;
17;;
12;;
15;;
14;;
14;;
14;;
17;;
16;;
12;;
17;;
18;;
14;;
14;;
14;;
17;;
16;;
12;;
20;;
11;;
16;;
20;;
16;;
19;;
18;;
22;;
15;;
10;;
14;;
11;;
13;;
11;;
16;;
15;;
17;;
17;;
16;;
12;;
14;;
12;;
18;;
13;;
15;;
23;;
16;;
20;;
16;;
19;;
18;;
19;;
16;;
12;;
18;;
13;;
15;;
13;;
20;;
17;;
16;;
13;;
21;;
12;;
21;;
24;;
12;;
16;;
10;;
9;;
12;;
10;;
12;;
15;;
14;;
11;;
19;;
9;;
12;;
16;;
12;;
10;;
14;;
19;;
12;;
15;;
14;;
11;;
13;;
17;;
16;;
12;;
14;;
12;;
19;;
11;;
13;;
19;;
14;;
11;;
13;;
16;;
14;;
18;;
14;;
17;;
16;;
18;;
15;;
10;;
14;;
11;;
17;;
17;;
16;;
15;;
17;;
17;;
16;;
20;;
16;;
12;;
18;;
26;;
10;;
13;;
12;;
10;;
15;;
10;;
14;;
19;;
12;;
10;;
14;;
11;;
13;;
17;;
16;;
21;;
12;;
10;;
14;;
11;;
17;;
17;;
16;;
15;;
17;;
17;;
16;;
15;;
16;;
12;;
18;;
25;;
12;;
10;;
14;;
11;;
13;;
17;;
16;;
18;;
14;;
17;;
16;;
12;;
14;;
19;;
18;;
22;;
14;;
17;;
16;;
12;;
14;;
19;;
18;;
13;;
15;;
18;;
18;;
16;;
18;;
21;;
20;;
20;;
19;;
22;;
12;;
10;;
15;;
10;;
14;;
14;;
13;;
15;;
14;;
11;;
17;;
11;;
16;;
12;;
20;;
10;;
14;;
11;;
17;;
17;;
16;;
12;;
20;;
11;;
16;;
12;;
14;;
12;;
18;;
19;;
15;;
11;;
17;;
18;;
14;;
17;;
16;;
21;;
14;;
17;;
16;;
20;;
16;;
19;;
18;;
19;;
15;;
11;;
16;;
15;;
16;;
19;;
18;;
16;;
15;;
19;;
18;;
16;;
18;;
21;;
20;;
14;;
19;;
13;;
21;;
12;;
20;;
11;;
16;;
15;;
14;;
17;;
16;;
12;;
14;;
12;;
18;;
13;;
18;;
12;;
19;;
12;;
14;;
12;;
18;;
13;;
22;;
19;;
18;;
16;;
18;;
21;;
20;;
14;;
16;;
14;;
25;;
15;;
16;;
19;;
18;;
13;;
18;;
12;;
18;;
13;;
21;;
21;;
20;;
14;;
19;;
19;;
18;;
13;;
15;;
21;;
20;;
20;;
18;;
13;;
20;;
24;;
20;;
14;;
22;;
15;;
26;;
20;;
22;;
10;;
12;;
10;;
24;;
9;;
11;;
14;;
10;;
9;;
13;;
9;;
12;;
16;;
12;;
8;;
10;;
9;;
11;;
13;;
12;;
17;;
10;;
9;;
12;;
10;;
15;;
15;;
14;;
21;;
8;;
11;;
10;;
9;;
13;;
9;;
12;;
13;;
13;;
9;;
12;;
10;;
15;;
15;;
14;;
11;;
19;;
13;;
12;;
13;;
12;;
15;;
14;;
11;;
13;;
11;;
17;;
18;;
14;;
17;;
16;;
15;;
17;;
10;;
16;;
20;;
10;;
9;;
12;;
13;;
13;;
9;;
12;;
16;;
12;;
15;;
14;;
11;;
19;;
13;;
12;;
13;;
12;;
10;;
14;;
19;;
12;;
10;;
14;;
18;;
14;;
17;;
16;;
15;;
14;;
11;;
16;;
11;;
13;;
11;;
18;;
11;;
13;;
11;;
17;;
11;;
13;;
11;;
16;;
12;;
14;;
17;;
17;;
11;;
17;;
11;;
16;;
18;;
14;;
17;;
16;;
15;;
16;;
19;;
18;;
13;;
15;;
18;;
20;;
14;;
16;;
13;;
12;;
10;;
16;;
13;;
12;;
13;;
12;;
15;;
14;;
20;;
10;;
13;;
12;;
10;;
12;;
15;;
14;;
11;;
13;;
11;;
15;;
11;;
17;;
17;;
16;;
23;;
10;;
9;;
12;;
13;;
12;;
10;;
14;;
11;;
18;;
15;;
14;;
11;;
13;;
11;;
16;;
15;;
14;;
11;;
17;;
11;;
13;;
11;;
16;;
12;;
17;;
17;;
16;;
20;;
16;;
12;;
18;;
13;;
18;;
12;;
17;;
12;;
20;;
18;;
14;;
14;;
13;;
10;;
14;;
11;;
13;;
17;;
16;;
22;;
12;;
15;;
14;;
14;;
14;;
11;;
16;;
15;;
14;;
17;;
16;;
12;;
19;;
12;;
18;;
13;;
15;;
13;;
17;;
16;;
17;;
20;;
16;;
12;;
14;;
12;;
19;;
20;;
16;;
19;;
18;;
16;;
15;;
18;;
16;;
15;;
16;;
12;;
18;;
16;;
15;;
19;;
18;;
16;;
18;;
21;;
20;;
17;;
16;;
19;;
18;;
12;;
21;;
11;;
20;;
20;;
10;;
13;;
12;;
10;;
12;;
15;;
14;;
11;;
13;;
19;;
12;;
10;;
15;;
15;;
14;;
11;;
18;;
15;;
14;;
11;;
17;;
17;;
16;;
18;;
14;;
16;;
12;;
10;;
12;;
15;;
14;;
11;;
13;;
18;;
14;;
18;;
14;;
11;;
16;;
12;;
17;;
11;;
16;;
11;;
17;;
17;;
16;;
12;;
14;;
12;;
19;;
12;;
19;;
12;;
18;;
13;;
15;;
13;;
20;;
12;;
20;;
18;;
14;;
11;;
16;;
10;;
14;;
11;;
13;;
11;;
16;;
12;;
17;;
11;;
16;;
11;;
13;;
11;;
16;;
12;;
14;;
20;;
16;;
20;;
16;;
12;;
18;;
16;;
15;;
12;;
20;;
11;;
17;;
11;;
16;;
12;;
14;;
12;;
19;;
12;;
19;;
12;;
18;;
13;;
15;;
18;;
19;;
12;;
14;;
12;;
18;;
13;;
22;;
19;;
18;;
22;;
18;;
13;;
20;;
17;;
25;;
19;;
12;;
16;;
12;;
15;;
14;;
11;;
13;;
11;;
15;;
18;;
14;;
17;;
16;;
12;;
14;;
20;;
14;;
11;;
17;;
11;;
16;;
12;;
20;;
17;;
16;;
12;;
14;;
12;;
18;;
19;;
15;;
11;;
17;;
11;;
13;;
17;;
16;;
12;;
14;;
20;;
16;;
12;;
19;;
12;;
18;;
13;;
21;;
17;;
16;;
12;;
14;;
12;;
18;;
13;;
22;;
19;;
18;;
16;;
18;;
13;;
20;;
17;;
16;;
19;;
18;;
21;;
14;;
11;;
16;;
15;;
14;;
17;;
16;;
15;;
16;;
12;;
18;;
13;;
15;;
21;;
16;;
15;;
16;;
12;;
18;;
13;;
15;;
13;;
17;;
13;;
15;;
13;;
20;;
26;;
14;;
11;;
16;;
15;;
16;;
19;;
18;;
13;;
18;;
19;;
18;;
13;;
15;;
13;;
20;;
17;;
16;;
22;;
18;;
22;;
18;;
13;;
20;;
20;;
18;;
21;;
20;;
17;;
20;;
23;;
22;;
33;;
17;;
9;;
13;;
9;;
13;;
9;;
12;;
13;;
13;;
13;;
12;;
10;;
12;;
15;;
14;;
11;;
16;;
16;;
12;;
10;;
15;;
15;;
14;;
14;;
13;;
10;;
14;;
11;;
17;;
11;;
16;;
12;;
14;;
12;;
19;;
11;;
18;;
10;;
14;;
14;;
15;;
15;;
14;;
18;;
14;;
17;;
16;;
12;;
17;;
17;;
14;;
11;;
17;;
17;;
16;;
12;;
14;;
12;;
16;;
20;;
16;;
19;;
18;;
13;;
15;;
21;;
17;;
21;;
12;;
15;;
14;;
11;;
13;;
18;;
14;;
14;;
14;;
17;;
16;;
12;;
14;;
20;;
14;;
14;;
14;;
17;;
16;;
12;;
20;;
17;;
16;;
15;;
16;;
12;;
18;;
13;;
18;;
18;;
17;;
11;;
13;;
11;;
16;;
12;;
17;;
17;;
16;;
12;;
19;;
12;;
18;;
13;;
18;;
18;;
16;;
12;;
19;;
19;;
18;;
13;;
22;;
19;;
18;;
13;;
15;;
21;;
20;;
20;;
16;;
22;;
15;;
16;;
12;;
15;;
14;;
11;;
13;;
11;;
17;;
18;;
14;;
11;;
16;;
12;;
20;;
10;;
14;;
18;;
14;;
17;;
16;;
12;;
17;;
17;;
16;;
15;;
16;;
19;;
18;;
25;;
12;;
10;;
14;;
14;;
14;;
17;;
16;;
18;;
14;;
17;;
16;;
15;;
16;;
19;;
18;;
13;;
15;;
13;;
22;;
12;;
19;;
19;;
18;;
13;;
18;;
12;;
18;;
13;;
21;;
13;;
20;;
14;;
16;;
14;;
18;;
14;;
16;;
14;;
20;;
17;;
16;;
24;;
16;;
12;;
14;;
19;;
18;;
19;;
15;;
11;;
16;;
12;;
19;;
19;;
18;;
13;;
18;;
19;;
18;;
13;;
21;;
13;;
20;;
27;;
14;;
17;;
16;;
12;;
14;;
12;;
18;;
16;;
15;;
12;;
18;;
13;;
21;;
21;;
20;;
14;;
22;;
12;;
18;;
16;;
18;;
21;;
20;;
14;;
16;;
14;;
18;;
24;;
20;;
14;;
22;;
15;;
20;;
20;;
22;;
12;;
22;;
11;;
17;;
11;;
13;;
16;;
14;;
11;;
13;;
17;;
16;;
12;;
17;;
18;;
14;;
18;;
14;;
11;;
16;;
18;;
14;;
11;;
16;;
20;;
16;;
12;;
18;;
25;;
12;;
15;;
14;;
14;;
14;;
11;;
16;;
12;;
17;;
11;;
16;;
12;;
14;;
12;;
18;;
22;;
14;;
17;;
16;;
12;;
14;;
12;;
18;;
13;;
18;;
12;;
18;;
16;;
18;;
13;;
20;;
14;;
16;;
22;;
21;;
11;;
17;;
17;;
16;;
15;;
17;;
17;;
16;;
20;;
16;;
12;;
18;;
13;;
23;;
17;;
16;;
12;;
14;;
12;;
18;;
23;;
16;;
19;;
18;;
13;;
21;;
21;;
20;;
14;;
16;;
14;;
18;;
14;;
24;;
19;;
18;;
13;;
22;;
19;;
18;;
13;;
15;;
13;;
20;;
17;;
16;;
22;;
18;;
13;;
21;;
21;;
20;;
14;;
24;;
13;;
20;;
14;;
23;;
23;;
22;;
15;;
17;;
15;;
22;;
14;;
22;;
13;;
21;;
13;;
15;;
13;;
24;;
20;;
16;;
12;;
18;;
19;;
17;;
17;;
16;;
12;;
14;;
12;;
18;;
16;;
19;;
12;;
18;;
22;;
18;;
21;;
20;;
14;;
19;;
13;;
18;;
13;;
15;;
13;;
20;;
16;;
15;;
19;;
18;;
16;;
18;;
13;;
20;;
17;;
19;;
19;;
18;;
22;;
18;;
13;;
20;;
14;;
24;;
21;;
20;;
14;;
16;;
14;;
22;;
18;;
20;;
23;;
16;;
12;;
14;;
19;;
18;;
23;;
16;;
12;;
18;;
13;;
15;;
21;;
20;;
14;;
22;;
12;;
18;;
22;;
18;;
13;;
20;;
14;;
16;;
14;;
23;;
14;;
16;;
14;;
22;;
18;;
20;;
22;;
18;;
16;;
18;;
13;;
20;;
14;;
24;;
13;;
20;;
14;;
23;;
23;;
22;;
15;;
17;;
20;;
19;;
17;;
20;;
14;;
22;;
15;;
17;;
26;;
22;;
15;;
17;;
15;;
24;;
16;;
18;;
27;;
20;;
27;;
17;;
8;;
10;;
12;;
11;;
8;;
10;;
12;;
10;;
13;;
12;;
13;;
12;;
14;;
10;;
14;;
10;;
9;;
12;;
17;;
10;;
13;;
12;;
10;;
15;;
10;;
14;;
11;;
16;;
17;;
10;;
9;;
13;;
9;;
12;;
13;;
13;;
13;;
12;;
16;;
12;;
15;;
14;;
14;;
13;;
16;;
12;;
13;;
12;;
10;;
14;;
11;;
18;;
15;;
14;;
14;;
14;;
17;;
16;;
15;;
14;;
11;;
16;;
14;;
19;;
13;;
12;;
13;;
12;;
9;;
12;;
13;;
12;;
10;;
14;;
11;;
16;;
16;;
12;;
10;;
12;;
10;;
14;;
11;;
13;;
18;;
14;;
11;;
13;;
11;;
16;;
23;;
10;;
13;;
12;;
10;;
12;;
15;;
14;;
11;;
13;;
11;;
15;;
11;;
17;;
17;;
16;;
12;;
14;;
12;;
16;;
12;;
14;;
20;;
16;;
21;;
14;;
11;;
16;;
15;;
16;;
19;;
18;;
16;;
18;;
11;;
23;;
9;;
13;;
9;;
12;;
16;;
10;;
13;;
12;;
13;;
12;;
10;;
14;;
14;;
13;;
10;;
15;;
13;;
12;;
10;;
14;;
11;;
13;;
18;;
14;;
11;;
13;;
17;;
16;;
12;;
14;;
12;;
16;;
15;;
19;;
15;;
14;;
17;;
12;;
10;;
14;;
11;;
13;;
17;;
16;;
12;;
17;;
11;;
16;;
11;;
13;;
17;;
16;;
12;;
14;;
12;;
16;;
15;;
16;;
12;;
18;;
19;;
15;;
18;;
15;;
13;;
12;;
15;;
14;;
14;;
15;;
10;;
14;;
11;;
13;;
17;;
16;;
12;;
17;;
11;;
17;;
11;;
17;;
17;;
16;;
12;;
14;;
20;;
16;;
20;;
16;;
12;;
18;;
22;;
15;;
10;;
14;;
11;;
13;;
17;;
16;;
15;;
14;;
11;;
16;;
20;;
16;;
12;;
18;;
13;;
15;;
18;;
19;;
12;;
19;;
19;;
18;;
16;;
19;;
19;;
18;;
22;;
18;;
21;;
20;;
14;;
16;;
14;;
27;;
11;;
19;;
9;;
12;;
16;;
10;;
13;;
12;;
10;;
15;;
10;;
14;;
11;;
13;;
11;;
15;;
11;;
13;;
18;;
14;;
11;;
13;;
16;;
14;;
11;;
13;;
17;;
16;;
15;;
20;;
9;;
12;;
10;;
15;;
10;;
14;;
11;;
13;;
11;;
15;;
11;;
13;;
17;;
16;;
12;;
14;;
17;;
16;;
14;;
14;;
17;;
16;;
18;;
14;;
11;;
16;;
12;;
14;;
19;;
18;;
13;;
21;;
11;;
20;;
10;;
15;;
15;;
14;;
19;;
12;;
10;;
14;;
18;;
14;;
11;;
16;;
22;;
12;;
10;;
14;;
14;;
14;;
17;;
16;;
15;;
14;;
17;;
16;;
12;;
14;;
12;;
18;;
19;;
15;;
11;;
17;;
14;;
14;;
17;;
16;;
18;;
14;;
17;;
16;;
12;;
19;;
12;;
18;;
13;;
21;;
17;;
16;;
12;;
14;;
12;;
18;;
13;;
18;;
12;;
18;;
13;;
21;;
13;;
20;;
14;;
19;;
19;;
21;;
10;;
12;;
15;;
14;;
11;;
16;;
10;;
14;;
18;;
14;;
11;;
16;;
15;;
17;;
10;;
14;;
14;;
14;;
17;;
16;;
12;;
20;;
11;;
16;;
20;;
16;;
19;;
18;;
13;;
15;;
13;;
17;;
13;;
15;;
13;;
22;;
12;;
17;;
11;;
16;;
12;;
19;;
12;;
18;;
16;;
15;;
20;;
16;;
15;;
16;;
12;;
18;;
13;;
18;;
12;;
18;;
16;;
18;;
13;;
20;;
14;;
19;;
13;;
18;;
13;;
15;;
13;;
22;;
15;;
14;;
11;;
16;;
15;;
16;;
12;;
18;;
13;;
18;;
18;;
16;;
12;;
14;;
12;;
18;;
13;;
18;;
12;;
18;;
13;;
15;;
13;;
20;;
17;;
16;;
13;;
22;;
12;;
14;;
19;;
18;;
23;;
16;;
12;;
18;;
16;;
18;;
21;;
20;;
14;;
22;;
12;;
18;;
22;;
18;;
21;;
20;;
14;;
19;;
13;;
20;;
24;;
20;;
14;;
22;;
15;;
17;;
15;;
19;;
23;;
25;;
22;;
15;;
16;;
10;;
9;;
12;;
10;;
15;;
10;;
14;;
14;;
13;;
10;;
15;;
10;;
12;;
10;;
14;;
14;;
13;;
10;;
14;;
11;;
13;;
17;;
16;;
12;;
14;;
20;;
15;;
10;;
15;;
10;;
14;;
19;;
12;;
15;;
14;;
14;;
14;;
11;;
16;;
15;;
14;;
11;;
17;;
18;;
14;;
11;;
16;;
15;;
14;;
11;;
16;;
20;;
16;;
19;;
18;;
25;;
13;;
9;;
12;;
10;;
12;;
15;;
14;;
11;;
18;;
10;;
14;;
18;;
14;;
17;;
16;;
15;;
17;;
15;;
14;;
11;;
17;;
17;;
16;;
18;;
14;;
11;;
16;;
20;;
16;;
19;;
18;;
16;;
21;;
15;;
14;;
14;;
14;;
17;;
16;;
12;;
20;;
17;;
16;;
12;;
14;;
19;;
18;;
13;;
15;;
18;;
17;;
20;;
16;;
19;;
18;;
13;;
15;;
13;;
21;;
13;;
21;;
13;;
20;;
20;;
16;;
19;;
21;;
16;;
12;;
10;;
14;;
19;;
12;;
15;;
14;;
11;;
13;;
17;;
16;;
15;;
17;;
15;;
14;;
14;;
14;;
11;;
16;;
12;;
14;;
17;;
16;;
12;;
14;;
19;;
18;;
13;;
18;;
18;;
17;;
14;;
14;;
17;;
16;;
12;;
14;;
20;;
16;;
12;;
14;;
12;;
18;;
13;;
18;;
12;;
19;;
15;;
16;;
19;;
18;;
16;;
15;;
19;;
18;;
13;;
15;;
21;;
20;;
17;;
24;;
15;;
14;;
11;;
17;;
17;;
16;;
18;;
14;;
17;;
16;;
12;;
14;;
19;;
18;;
13;;
15;;
13;;
22;;
12;;
19;;
12;;
18;;
13;;
15;;
18;;
18;;
13;;
21;;
13;;
20;;
14;;
19;;
19;;
19;;
12;;
19;;
19;;
18;;
23;;
16;;
12;;
18;;
16;;
18;;
13;;
20;;
20;;
16;;
19;;
18;;
13;;
21;;
13;;
20;;
14;;
24;;
21;;
20;;
14;;
23;;
23;;
22;;
15;;
20;;
14;;
27;;
16;;
12;;
10;;
14;;
11;;
13;;
18;;
14;;
11;;
17;;
17;;
16;;
12;;
17;;
17;;
14;;
11;;
13;;
11;;
16;;
15;;
14;;
17;;
16;;
12;;
14;;
19;;
18;;
13;;
15;;
13;;
23;;
11;;
17;;
11;;
16;;
12;;
14;;
17;;
16;;
12;;
14;;
12;;
18;;
13;;
18;;
12;;
17;;
15;;
16;;
19;;
18;;
13;;
15;;
18;;
18;;
16;;
18;;
13;;
20;;
17;;
16;;
13;;
18;;
16;;
20;;
11;;
16;;
21;;
14;;
17;;
16;;
12;;
19;;
12;;
18;;
13;;
23;;
17;;
16;;
12;;
19;;
12;;
18;;
13;;
18;;
19;;
18;;
22;;
18;;
21;;
20;;
27;;
14;;
11;;
16;;
12;;
19;;
12;;
18;;
16;;
15;;
12;;
18;;
13;;
21;;
21;;
20;;
14;;
25;;
12;;
18;;
22;;
18;;
21;;
20;;
17;;
21;;
21;;
20;;
14;;
16;;
23;;
22;;
18;;
17;;
14;;
25;;
15;;
17;;
11;;
16;;
21;;
14;;
11;;
16;;
15;;
16;;
12;;
18;;
22;;
14;;
11;;
16;;
12;;
19;;
19;;
18;;
19;;
16;;
12;;
18;;
16;;
18;;
13;;
20;;
23;;
16;;
11;;
16;;
12;;
19;;
12;;
18;;
19;;
16;;
12;;
18;;
13;;
21;;
21;;
20;;
17;;
16;;
19;;
18;;
13;;
21;;
21;;
20;;
14;;
16;;
14;;
18;;
17;;
20;;
23;;
22;;
18;;
17;;
14;;
19;;
23;;
19;;
19;;
18;;
13;;
15;;
13;;
21;;
13;;
15;;
13;;
20;;
23;;
16;;
12;;
18;;
13;;
21;;
13;;
20;;
14;;
16;;
19;;
20;;
17;;
20;;
23;;
22;;
21;;
22;;
12;;
18;;
13;;
21;;
21;;
20;;
14;;
16;;
24;;
20;;
14;;
23;;
14;;
22;;
15;;
17;;
15;;
19;;
23;;
20;;
14;;
22;;
18;;
23;;
14;;
22;;
15;;
25;;
15;;
24;;
19;;
18;;
15;;
20;;
24;;
23;;
26;;
22;;
13;;
13;;
13;;
12;;
10;;
12;;
15;;
14;;
20;;
10;;
13;;
12;;
16;;
12;;
15;;
14;;
11;;
13;;
16;;
14;;
14;;
14;;
11;;
16;;
12;;
14;;
23;;
12;;
13;;
12;;
15;;
14;;
19;;
12;;
10;;
14;;
11;;
13;;
17;;
16;;
12;;
20;;
10;;
14;;
11;;
17;;
17;;
16;;
12;;
17;;
17;;
16;;
20;;
16;;
19;;
18;;
13;;
15;;
21;;
17;;
14;;
17;;
15;;
14;;
11;;
13;;
16;;
14;;
18;;
14;;
11;;
16;;
18;;
14;;
15;;
14;;
11;;
13;;
17;;
16;;
12;;
17;;
17;;
16;;
15;;
16;;
19;;
18;;
16;;
15;;
12;;
17;;
12;;
14;;
12;;
19;;
15;;
14;;
17;;
16;;
12;;
19;;
19;;
18;;
13;;
15;;
21;;
16;;
12;;
14;;
19;;
18;;
13;;
18;;
19;;
18;;
13;;
21;;
13;;
20;;
17;;
25;;
19;;
12;;
16;;
12;;
15;;
14;;
11;;
13;;
18;;
14;;
14;;
14;;
17;;
16;;
15;;
14;;
11;;
17;;
11;;
17;;
17;;
16;;
15;;
17;;
11;;
16;;
15;;
16;;
19;;
18;;
13;;
18;;
12;;
17;;
12;;
14;;
12;;
19;;
12;;
17;;
17;;
16;;
12;;
19;;
19;;
18;;
24;;
14;;
17;;
16;;
15;;
16;;
12;;
18;;
13;;
18;;
19;;
18;;
13;;
15;;
13;;
20;;
14;;
19;;
22;;
17;;
14;;
14;;
17;;
16;;
15;;
14;;
17;;
16;;
12;;
19;;
12;;
18;;
13;;
15;;
23;;
16;;
12;;
19;;
12;;
18;;
13;;
18;;
19;;
18;;
13;;
15;;
13;;
20;;
23;;
17;;
11;;
16;;
12;;
14;;
12;;
18;;
13;;
18;;
12;;
18;;
13;;
21;;
13;;
20;;
14;;
16;;
14;;
18;;
22;;
18;;
13;;
20;;
14;;
16;;
19;;
20;;
17;;
20;;
14;;
22;;
18;;
20;;
20;;
22;;
14;;
19;;
15;;
14;;
11;;
16;;
10;;
14;;
11;;
17;;
11;;
16;;
22;;
12;;
15;;
14;;
18;;
14;;
11;;
16;;
15;;
17;;
17;;
16;;
12;;
19;;
12;;
18;;
13;;
18;;
21;;
14;;
11;;
17;;
17;;
16;;
12;;
14;;
17;;
16;;
15;;
16;;
12;;
18;;
22;;
14;;
17;;
16;;
20;;
16;;
19;;
18;;
13;;
22;;
19;;
18;;
13;;
15;;
21;;
20;;
17;;
25;;
10;;
14;;
11;;
13;;
17;;
16;;
12;;
20;;
17;;
16;;
12;;
19;;
19;;
18;;
13;;
15;;
18;;
17;;
12;;
14;;
19;;
18;;
23;;
16;;
19;;
18;;
13;;
21;;
21;;
20;;
23;;
16;;
17;;
16;;
12;;
14;;
19;;
18;;
13;;
22;;
12;;
18;;
13;;
15;;
21;;
20;;
17;;
22;;
12;;
18;;
13;;
21;;
13;;
20;;
25;;
18;;
21;;
20;;
14;;
16;;
14;;
22;;
18;;
17;;
23;;
22;;
11;;
13;;
17;;
16;;
18;;
14;;
11;;
16;;
15;;
16;;
12;;
18;;
13;;
15;;
13;;
22;;
15;;
16;;
19;;
18;;
16;;
19;;
12;;
18;;
22;;
18;;
13;;
20;;
14;;
25;;
17;;
16;;
15;;
16;;
12;;
18;;
13;;
18;;
12;;
18;;
13;;
15;;
21;;
20;;
20;;
19;;
12;;
18;;
13;;
15;;
21;;
20;;
14;;
24;;
21;;
20;;
24;;
20;;
14;;
22;;
21;;
17;;
13;;
19;;
13;;
22;;
19;;
18;;
13;;
18;;
19;;
18;;
16;;
18;;
13;;
20;;
17;;
22;;
12;;
18;;
13;;
21;;
21;;
20;;
14;;
19;;
21;;
20;;
17;;
20;;
23;;
22;;
21;;
20;;
19;;
18;;
16;;
18;;
13;;
20;;
14;;
24;;
13;;
20;;
17;;
20;;
14;;
22;;
28;;
18;;
21;;
20;;
17;;
20;;
23;;
22;;
15;;
17;;
15;;
19;;
15;;
25;;
15;;
24;;
16;;
18;;
16;;
23;;
18;;
20;;
14;;
28;;
15;;
14;;
11;;
17;;
11;;
17;;
11;;
16;;
15;;
17;;
15;;
14;;
11;;
17;;
11;;
16;;
12;;
14;;
12;;
19;;
15;;
16;;
12;;
18;;
16;;
15;;
12;;
20;;
18;;
14;;
11;;
16;;
15;;
17;;
17;;
16;;
12;;
14;;
19;;
18;;
24;;
14;;
11;;
16;;
12;;
19;;
12;;
18;;
13;;
15;;
18;;
18;;
22;;
18;;
21;;
20;;
17;;
16;;
13;;
21;;
12;;
14;;
21;;
16;;
15;;
17;;
11;;
16;;
15;;
16;;
19;;
18;;
19;;
15;;
17;;
16;;
12;;
14;;
19;;
18;;
13;;
18;;
19;;
18;;
13;;
21;;
21;;
20;;
17;;
22;;
11;;
16;;
15;;
16;;
19;;
18;;
13;;
15;;
22;;
18;;
13;;
21;;
13;;
20;;
14;;
16;;
25;;
18;;
16;;
18;;
13;;
20;;
14;;
16;;
14;;
18;;
14;;
23;;
23;;
22;;
21;;
26;;
15;;
14;;
11;;
13;;
11;;
16;;
15;;
14;;
17;;
16;;
12;;
19;;
12;;
18;;
24;;
14;;
11;;
16;;
15;;
16;;
19;;
18;;
23;;
16;;
12;;
18;;
13;;
21;;
21;;
20;;
26;;
14;;
11;;
16;;
12;;
14;;
12;;
18;;
13;;
15;;
13;;
21;;
13;;
15;;
21;;
20;;
14;;
22;;
19;;
18;;
16;;
18;;
13;;
20;;
14;;
24;;
13;;
20;;
14;;
16;;
14;;
22;;
15;;
17;;
15;;
19;;
15;;
17;;
15;;
27;;
13;;
22;;
12;;
18;;
13;;
21;;
21;;
20;;
14;;
16;;
14;;
24;;
16;;
18;;
21;;
20;;
14;;
16;;
14;;
18;;
14;;
23;;
14;;
22;;
15;;
17;;
28;;
18;;
22;;
18;;
21;;
20;;
14;;
16;;
14;;
23;;
17;;
20;;
14;;
22;;
18;;
17;;
20;;
20;;
14;;
23;;
14;;
22;;
27;;
20;;
14;;
22;;
26;;
22;;
25;;
24;;
25;;
21;;
12;;
23;;
14;;
14;;
11;;
16;;
12;;
20;;
17;;
16;;
12;;
14;;
12;;
18;;
16;;
20;;
11;;
16;;
15;;
16;;
19;;
18;;
13;;
18;;
12;;
18;;
16;;
18;;
21;;
20;;
23;;
17;;
17;;
16;;
12;;
14;;
19;;
18;;
13;;
15;;
18;;
18;;
22;;
18;;
21;;
20;;
14;;
22;;
19;;
18;;
13;;
15;;
21;;
20;;
17;;
16;;
21;;
20;;
14;;
16;;
14;;
22;;
18;;
23;;
20;;
16;;
15;;
16;;
19;;
18;;
13;;
22;;
12;;
18;;
13;;
15;;
13;;
20;;
17;;
16;;
13;;
18;;
13;;
15;;
13;;
20;;
17;;
16;;
21;;
20;;
24;;
20;;
14;;
22;;
15;;
20;;
14;;
24;;
22;;
18;;
21;;
20;;
14;;
16;;
24;;
20;;
17;;
20;;
23;;
22;;
18;;
20;;
21;;
20;;
17;;
20;;
14;;
22;;
15;;
20;;
23;;
22;;
26;;
22;;
25;;
24;;
19;;
18;;
15;;
20;;
15;;
17;;
15;;
27;;
19;;
16;;
12;;
18;;
16;;
18;;
13;;
20;;
14;;
19;;
22;;
18;;
22;;
18;;
21;;
20;;
25;;
18;;
21;;
20;;
24;;
20;;
14;;
22;;
15;;
20;;
14;;
22;;
13;;
15;;
21;;
20;;
14;;
16;;
24;;
20;;
14;;
23;;
23;;
22;;
24;;
18;;
13;;
20;;
14;;
23;;
23;;
22;;
15;;
17;;
15;;
25;;
26;;
22;;
25;;
24;;
16;;
18;;
16;;
23;;
15;;
26;;
13;;
20;;
25;;
18;;
13;;
20;;
24;;
20;;
23;;
22;;
15;;
20;;
20;;
20;;
17;;
20;;
23;;
22;;
15;;
20;;
14;;
22;;
15;;
25;;
25;;
24;;
16;;
21;;
15;;
20;;
18;;
20;;
14;;
22;;
27;;
20;;
23;;
22;;
15;;
25;;
25;;
24;;
16;;
18;;
16;;
23;;
26;;
22;;
25;;
24;;
19;;
18;;
15;;
24;;
28;;
24;;
27;;
26;;
17;;
34;;
12;;
27;;
10;;
12;;
10;;
26;;
16;;
6;;
7;;
8;;
8;;
11;;
8;;
10;;
16;;
6;;
9;;
8;;
12;;
8;;
8;;
10;;
9;;
11;;
14;;
10;;
12;;
10;;
9;;
12;;
10;;
18;;
7;;
8;;
12;;
8;;
8;;
10;;
15;;
8;;
8;;
10;;
14;;
10;;
9;;
12;;
10;;
17;;
11;;
10;;
14;;
10;;
9;;
12;;
16;;
10;;
13;;
12;;
10;;
12;;
15;;
14;;
14;;
19;;
12;;
8;;
8;;
11;;
8;;
10;;
15;;
8;;
11;;
10;;
14;;
10;;
13;;
12;;
16;;
12;;
8;;
10;;
14;;
10;;
9;;
12;;
10;;
15;;
9;;
12;;
16;;
12;;
15;;
14;;
11;;
13;;
19;;
13;;
14;;
10;;
9;;
12;;
10;;
16;;
9;;
12;;
16;;
12;;
10;;
14;;
11;;
16;;
16;;
12;;
10;;
15;;
15;;
14;;
19;;
12;;
15;;
14;;
18;;
14;;
11;;
16;;
12;;
14;;
12;;
19;;
11;;
19;;
10;;
18;;
18;;
8;;
8;;
10;;
14;;
10;;
13;;
12;;
10;;
12;;
10;;
14;;
18;;
10;;
13;;
12;;
10;;
15;;
13;;
12;;
13;;
12;;
15;;
14;;
11;;
13;;
11;;
15;;
19;;
15;;
9;;
12;;
10;;
16;;
13;;
12;;
16;;
12;;
15;;
14;;
11;;
13;;
16;;
15;;
13;;
12;;
10;;
14;;
17;;
12;;
15;;
14;;
11;;
17;;
17;;
16;;
12;;
14;;
12;;
16;;
15;;
16;;
11;;
18;;
11;;
13;;
11;;
15;;
22;;
12;;
10;;
14;;
11;;
16;;
16;;
12;;
16;;
12;;
15;;
14;;
17;;
12;;
10;;
14;;
14;;
14;;
11;;
16;;
12;;
20;;
17;;
12;;
13;;
12;;
10;;
14;;
14;;
13;;
10;;
14;;
18;;
14;;
17;;
16;;
15;;
17;;
15;;
14;;
14;;
14;;
11;;
16;;
18;;
14;;
11;;
16;;
12;;
14;;
12;;
18;;
13;;
15;;
13;;
17;;
21;;
26;;
8;;
10;;
9;;
11;;
14;;
10;;
12;;
10;;
9;;
12;;
13;;
12;;
9;;
14;;
9;;
13;;
13;;
12;;
13;;
12;;
9;;
12;;
16;;
12;;
10;;
14;;
14;;
17;;
11;;
10;;
9;;
13;;
13;;
12;;
10;;
12;;
10;;
15;;
16;;
12;;
15;;
14;;
17;;
13;;
13;;
12;;
13;;
12;;
10;;
14;;
14;;
13;;
10;;
14;;
18;;
14;;
11;;
16;;
15;;
20;;
17;;
10;;
14;;
10;;
9;;
12;;
10;;
15;;
13;;
12;;
13;;
12;;
10;;
14;;
14;;
16;;
9;;
12;;
10;;
15;;
15;;
14;;
14;;
13;;
15;;
14;;
11;;
13;;
17;;
16;;
12;;
14;;
12;;
16;;
22;;
12;;
15;;
14;;
14;;
15;;
15;;
14;;
14;;
14;;
17;;
16;;
12;;
17;;
11;;
16;;
11;;
13;;
11;;
16;;
12;;
17;;
17;;
16;;
12;;
19;;
12;;
18;;
16;;
15;;
18;;
17;;
11;;
13;;
20;;
15;;
13;;
13;;
13;;
12;;
10;;
12;;
15;;
14;;
14;;
13;;
16;;
12;;
13;;
12;;
15;;
14;;
11;;
18;;
15;;
14;;
14;;
14;;
11;;
16;;
12;;
14;;
20;;
16;;
10;;
12;;
10;;
14;;
11;;
13;;
16;;
14;;
18;;
14;;
17;;
16;;
12;;
14;;
21;;
14;;
18;;
14;;
17;;
16;;
15;;
14;;
17;;
16;;
12;;
14;;
12;;
18;;
13;;
15;;
21;;
18;;
10;;
15;;
15;;
14;;
11;;
13;;
18;;
14;;
11;;
17;;
17;;
16;;
21;;
12;;
10;;
14;;
11;;
13;;
11;;
16;;
12;;
14;;
12;;
19;;
12;;
14;;
12;;
18;;
19;;
18;;
10;;
14;;
18;;
14;;
17;;
16;;
12;;
14;;
12;;
16;;
12;;
14;;
12;;
18;;
13;;
15;;
13;;
20;;
12;;
19;;
12;;
18;;
13;;
18;;
19;;
18;;
13;;
21;;
21;;
20;;
17;;
16;;
19;;
18;;
12;;
21;;
11;;
19;;
9;;
14;;
11;;
10;;
14;;
10;;
13;;
12;;
10;;
12;;
15;;
14;;
9;;
11;;
9;;
12;;
13;;
12;;
13;;
12;;
13;;
12;;
15;;
14;;
11;;
13;;
20;;
10;;
14;;
10;;
9;;
12;;
10;;
16;;
13;;
12;;
10;;
12;;
10;;
14;;
20;;
10;;
13;;
12;;
16;;
12;;
10;;
14;;
17;;
12;;
10;;
14;;
18;;
14;;
11;;
16;;
12;;
23;;
14;;
10;;
9;;
11;;
13;;
12;;
10;;
16;;
13;;
12;;
10;;
15;;
15;;
14;;
20;;
10;;
13;;
12;;
16;;
12;;
10;;
14;;
11;;
13;;
16;;
14;;
11;;
17;;
17;;
16;;
12;;
17;;
17;;
15;;
16;;
12;;
15;;
14;;
11;;
13;;
11;;
15;;
11;;
17;;
11;;
16;;
12;;
14;;
12;;
16;;
12;;
14;;
12;;
19;;
21;;
14;;
17;;
16;;
12;;
19;;
19;;
18;;
16;;
15;;
12;;
20;;
11;;
13;;
19;;
12;;
10;;
15;;
9;;
12;;
10;;
15;;
10;;
14;;
20;;
10;;
9;;
12;;
13;;
12;;
15;;
14;;
11;;
13;;
18;;
14;;
11;;
17;;
11;;
16;;
23;;
10;;
13;;
12;;
10;;
12;;
15;;
14;;
14;;
15;;
15;;
14;;
11;;
13;;
11;;
16;;
12;;
14;;
21;;
14;;
11;;
17;;
11;;
16;;
12;;
20;;
17;;
16;;
15;;
16;;
12;;
18;;
26;;
10;;
13;;
12;;
13;;
12;;
15;;
14;;
11;;
16;;
10;;
14;;
11;;
17;;
17;;
16;;
15;;
14;;
11;;
17;;
14;;
14;;
17;;
16;;
12;;
14;;
20;;
16;;
12;;
14;;
12;;
18;;
19;;
15;;
11;;
17;;
11;;
17;;
11;;
16;;
15;;
17;;
11;;
16;;
12;;
19;;
12;;
18;;
16;;
15;;
12;;
19;;
12;;
19;;
19;;
18;;
19;;
16;;
12;;
18;;
13;;
15;;
21;;
20;;
20;;
22;;
10;;
21;;
9;;
13;;
13;;
12;;
13;;
12;;
13;;
12;;
13;;
12;;
15;;
14;;
11;;
19;;
13;;
12;;
16;;
12;;
10;;
14;;
11;;
16;;
10;;
14;;
18;;
14;;
11;;
16;;
15;;
14;;
11;;
16;;
11;;
19;;
10;;
14;;
11;;
13;;
16;;
14;;
14;;
14;;
11;;
16;;
12;;
17;;
18;;
14;;
14;;
14;;
11;;
16;;
15;;
14;;
11;;
16;;
12;;
14;;
12;;
18;;
13;;
21;;
21;;
12;;
13;;
12;;
15;;
14;;
14;;
15;;
15;;
14;;
18;;
14;;
11;;
16;;
15;;
18;;
10;;
14;;
11;;
13;;
17;;
16;;
21;;
14;;
17;;
16;;
20;;
16;;
19;;
18;;
19;;
15;;
18;;
14;;
11;;
17;;
11;;
16;;
12;;
14;;
17;;
16;;
15;;
16;;
19;;
18;;
13;;
23;;
11;;
16;;
20;;
16;;
12;;
18;;
16;;
15;;
19;;
18;;
16;;
18;;
13;;
20;;
26;;
16;;
10;;
15;;
10;;
12;;
10;;
14;;
11;;
18;;
15;;
14;;
11;;
17;;
11;;
16;;
12;;
14;;
12;;
20;;
18;;
14;;
17;;
16;;
12;;
14;;
20;;
16;;
20;;
16;;
19;;
18;;
22;;
15;;
15;;
14;;
14;;
14;;
11;;
16;;
12;;
14;;
17;;
16;;
12;;
19;;
12;;
18;;
13;;
15;;
13;;
20;;
15;;
16;;
12;;
18;;
16;;
15;;
19;;
18;;
13;;
15;;
13;;
20;;
20;;
16;;
19;;
17;;
18;;
14;;
11;;
16;;
12;;
17;;
17;;
16;;
12;;
19;;
19;;
18;;
13;;
15;;
23;;
16;;
15;;
16;;
19;;
18;;
13;;
22;;
19;;
18;;
16;;
18;;
13;;
20;;
27;;
14;;
17;;
16;;
12;;
14;;
19;;
18;;
16;;
19;;
19;;
18;;
16;;
18;;
21;;
20;;
20;;
16;;
19;;
18;;
22;;
18;;
21;;
20;;
25;;
18;;
13;;
20;;
17;;
20;;
23;;
22;;
15;;
17;;
26;;
19;;
12;;
14;;
25;;
24;;
12;;
11;;
8;;
10;;
12;;
10;;
9;;
12;;
13;;
12;;
9;;
13;;
9;;
11;;
9;;
12;;
17;;
10;;
9;;
12;;
10;;
12;;
10;;
14;;
14;;
13;;
16;;
15;;
9;;
13;;
13;;
12;;
13;;
13;;
13;;
12;;
10;;
15;;
10;;
14;;
17;;
13;;
9;;
12;;
16;;
12;;
15;;
14;;
11;;
16;;
15;;
14;;
11;;
13;;
17;;
16;;
12;;
17;;
11;;
22;;
9;;
13;;
9;;
12;;
17;;
10;;
13;;
12;;
10;;
12;;
15;;
14;;
17;;
13;;
9;;
12;;
16;;
12;;
10;;
14;;
17;;
12;;
15;;
14;;
14;;
14;;
11;;
16;;
15;;
14;;
11;;
16;;
11;;
13;;
19;;
14;;
14;;
15;;
15;;
14;;
14;;
14;;
17;;
16;;
22;;
12;;
10;;
14;;
18;;
14;;
17;;
16;;
12;;
14;;
12;;
19;;
15;;
16;;
19;;
18;;
13;;
15;;
18;;
17;;
15;;
17;;
19;;
12;;
10;;
16;;
9;;
12;;
13;;
12;;
10;;
14;;
14;;
13;;
16;;
12;;
10;;
15;;
10;;
14;;
14;;
15;;
15;;
14;;
14;;
14;;
11;;
16;;
12;;
14;;
12;;
22;;
16;;
12;;
10;;
14;;
14;;
13;;
10;;
14;;
18;;
14;;
17;;
16;;
12;;
14;;
17;;
17;;
11;;
17;;
11;;
16;;
15;;
14;;
17;;
16;;
20;;
16;;
19;;
18;;
13;;
18;;
12;;
21;;
13;;
12;;
15;;
14;;
14;;
13;;
10;;
14;;
11;;
17;;
11;;
16;;
15;;
14;;
18;;
14;;
18;;
14;;
17;;
16;;
21;;
14;;
17;;
16;;
12;;
19;;
19;;
18;;
16;;
15;;
18;;
17;;
11;;
17;;
17;;
16;;
15;;
14;;
17;;
16;;
20;;
16;;
19;;
18;;
16;;
15;;
18;;
16;;
20;;
16;;
12;;
18;;
23;;
16;;
19;;
18;;
13;;
15;;
13;;
20;;
23;;
19;;
10;;
18;;
13;;
13;;
13;;
12;;
10;;
12;;
15;;
12;;
10;;
12;;
15;;
14;;
14;;
16;;
13;;
12;;
13;;
12;;
15;;
14;;
11;;
18;;
10;;
14;;
18;;
14;;
17;;
16;;
12;;
20;;
17;;
12;;
13;;
12;;
10;;
14;;
11;;
16;;
10;;
14;;
18;;
14;;
11;;
16;;
12;;
14;;
21;;
14;;
11;;
17;;
17;;
16;;
18;;
14;;
17;;
16;;
12;;
14;;
12;;
18;;
28;;
10;;
13;;
12;;
10;;
12;;
15;;
14;;
19;;
12;;
10;;
14;;
11;;
13;;
17;;
16;;
12;;
20;;
15;;
14;;
18;;
14;;
11;;
16;;
12;;
17;;
11;;
16;;
12;;
14;;
12;;
18;;
25;;
12;;
10;;
14;;
18;;
14;;
11;;
16;;
12;;
17;;
11;;
16;;
15;;
16;;
19;;
18;;
13;;
15;;
13;;
17;;
13;;
22;;
19;;
18;;
16;;
19;;
12;;
18;;
13;;
15;;
13;;
20;;
23;;
16;;
19;;
18;;
10;;
12;;
15;;
14;;
11;;
18;;
15;;
14;;
11;;
13;;
11;;
16;;
12;;
17;;
17;;
14;;
11;;
17;;
17;;
16;;
12;;
17;;
17;;
16;;
12;;
14;;
12;;
18;;
19;;
15;;
18;;
14;;
11;;
17;;
17;;
16;;
15;;
17;;
17;;
16;;
12;;
19;;
19;;
18;;
16;;
15;;
12;;
19;;
15;;
16;;
12;;
18;;
13;;
15;;
22;;
18;;
13;;
15;;
13;;
20;;
14;;
19;;
13;;
23;;
14;;
14;;
11;;
16;;
12;;
20;;
17;;
16;;
20;;
16;;
12;;
18;;
13;;
21;;
17;;
16;;
12;;
14;;
19;;
18;;
13;;
15;;
18;;
18;;
13;;
15;;
13;;
20;;
17;;
16;;
13;;
18;;
22;;
16;;
12;;
18;;
13;;
15;;
13;;
17;;
13;;
15;;
13;;
20;;
26;;
16;;
19;;
18;;
13;;
21;;
13;;
20;;
17;;
16;;
13;;
20;;
14;;
23;;
23;;
22;;
18;;
17;;
14;;
19;;
17;;
22;;
12;;
24;;
11;;
13;;
16;;
15;;
13;;
12;;
15;;
14;;
11;;
19;;
13;;
12;;
13;;
12;;
15;;
14;;
14;;
15;;
15;;
14;;
11;;
13;;
17;;
16;;
12;;
14;;
12;;
16;;
12;;
14;;
12;;
18;;
15;;
14;;
19;;
14;;
14;;
14;;
17;;
16;;
18;;
15;;
15;;
14;;
11;;
17;;
11;;
16;;
15;;
17;;
17;;
16;;
20;;
16;;
12;;
18;;
13;;
24;;
10;;
17;;
10;;
15;;
15;;
14;;
14;;
15;;
15;;
14;;
11;;
17;;
11;;
16;;
12;;
20;;
10;;
14;;
11;;
17;;
11;;
16;;
21;;
14;;
17;;
16;;
20;;
16;;
12;;
18;;
25;;
12;;
15;;
14;;
11;;
17;;
11;;
16;;
15;;
14;;
11;;
16;;
12;;
14;;
12;;
18;;
13;;
23;;
11;;
16;;
12;;
14;;
12;;
18;;
16;;
15;;
12;;
18;;
13;;
21;;
13;;
20;;
20;;
16;;
12;;
21;;
22;;
12;;
10;;
14;;
11;;
13;;
11;;
15;;
18;;
14;;
17;;
16;;
22;;
12;;
15;;
14;;
14;;
14;;
17;;
16;;
12;;
14;;
17;;
16;;
12;;
14;;
12;;
18;;
25;;
12;;
15;;
14;;
11;;
13;;
17;;
16;;
15;;
14;;
17;;
16;;
12;;
14;;
19;;
18;;
19;;
15;;
11;;
16;;
20;;
16;;
12;;
18;;
13;;
22;;
19;;
18;;
13;;
15;;
13;;
20;;
20;;
22;;
15;;
14;;
11;;
13;;
11;;
16;;
12;;
14;;
20;;
16;;
12;;
19;;
19;;
18;;
24;;
14;;
17;;
16;;
15;;
16;;
19;;
18;;
13;;
18;;
19;;
18;;
16;;
18;;
13;;
20;;
14;;
16;;
22;;
19;;
12;;
14;;
19;;
18;;
23;;
16;;
12;;
18;;
16;;
18;;
21;;
20;;
14;;
16;;
14;;
21;;
16;;
18;;
21;;
20;;
14;;
16;;
14;;
23;;
14;;
23;;
14;;
22;;
15;;
17;;
20;;
22;;
13;;
28;;
15;;
14;;
14;;
15;;
15;;
14;;
18;;
14;;
17;;
16;;
12;;
